0.999111295 -0.0157952849 -0.0390787534 0.0284447577 -0.000277418847 0.924646437 -0.380826533 0.946974039 0.0421492942 0.380498946 0.923820317 2.07792306 0 0 0 1
0.999006033 -0.0159892961 -0.0416086726 0.0289258976 -0.000607759401 0.92847842 -0.371385843 0.956255317 0.0445709527 0.371041983 0.927545846 2.05032253 0 0 0 1
0.998894691 -0.0161574613 -0.0441401824 0.0295150504 -0.000913385185 0.9322142 -0.361905843 0.96506983 0.0469955839 0.361546159 0.931169033 2.02276254 0 0 0 1
0.998777211 -0.0162997581 -0.0466729999 0.0302112829 -0.00119426253 0.935853362 -0.352387607 0.973419368 0.049422916 0.352012455 0.934689581 1.99524999 0 0 0 1
0.998607397 -0.0166372638 -0.0500650257 0.0342055447 -0.0013473999 0.940620899 -0.339456171 0.968842983 0.0527398326 0.339050889 0.939288557 1.92970955 0 0 0 1
0.998426437 -0.0169278309 -0.0534608215 0.0385554172 -0.00145474845 0.94520992 -0.326459855 0.962640882 0.0560579598 0.326023936 0.943697989 1.86472833 0 0 0 1
0.99823451 -0.0171713997 -0.0568597093 0.0432554111 -0.00151628663 0.949619591 -0.313401282 0.954827011 0.0593766309 0.31293419 0.947916985 1.8003397 0 0 0 1
0.998091638 -0.0171475559 -0.0593219288 0.0489458367 -0.00164276606 0.952957153 -0.303100675 0.942295492 0.0617286898 0.302619696 0.951110363 1.74141264 0 0 0 1
0.997943163 -0.0170969758 -0.0617834143 0.0548520125 -0.00174372341 0.956183076 -0.292764276 0.928593695 0.0640816391 0.292269826 0.954186499 1.68300664 0 0 0 1
0.997789085 -0.0170196667 -0.0642438605 0.0609705187 -0.00181914633 0.959297001 -0.282393336 0.913731039 0.0664351806 0.281885862 0.957145095 1.62514055 0 0 0 1
0.99750036 -0.0168429352 -0.0686243325 0.0728123486 -0.00197579106 0.964148223 -0.265356869 0.880615473 0.0706334189 0.264829159 0.961704969 1.51870191 0 0 0 1
0.997193992 -0.0165883861 -0.072999768 0.0853394568 -0.00205787085 0.96869725 -0.248236686 0.844001055 0.0748325214 0.24769035 0.965944946 1.41409016 0 0 0 1
0.996870041 -0.016256107 -0.0773687214 0.0985321328 -0.00206535868 0.972942412 -0.231038451 0.803940058 0.0790311024 0.230475098 0.969863534 1.31139898 0 0 0 1
0.996478736 -0.0158158131 -0.0823403597 0.112581156 -0.00205608248 0.977143466 -0.212570846 0.754515767 0.0838203281 0.211991638 0.973670244 1.19461858 0 0 0 1
0.996064782 -0.0152810756 -0.0873008817 0.127473861 -0.00195580511 0.980994165 -0.194027305 0.700936973 0.0886066034 0.193434507 0.977103889 1.08036506 0 0 0 1
0.995628238 -0.0146521004 -0.0922484025 0.143181473 -0.00176456489 0.984493017 -0.17541486 0.643279195 0.0933881029 0.174810767 0.980163157 0.968758345 0 0 0 1
0.995186448 -0.0137814507 -0.0970259905 0.160407647 -0.00158405269 0.987671137 -0.156535059 0.576974332 0.0979870483 0.155935258 0.982895076 0.852080762 0 0 0 1
0.994723916 -0.0128191244 -0.101783991 0.178390682 -0.00131512561 0.990487158 -0.137598902 0.506409407 0.102579631 0.137006775 0.985244393 0.738494575 0 0 0 1
0.99424088 -0.0117654959 -0.106520563 0.197097868 -0.000957887678 0.992940009 -0.118613742 0.431675822 0.107164077 0.118032664 0.987210274 0.628123462 0 0 0 1
0.99392426 -0.0109552704 -0.109519385 0.208205208 -0.000731102773 0.994355142 -0.10610076 0.381154567 0.110063523 0.105536193 0.988305688 0.550833881 0 0 0 1
0.993599534 -0.0101071829 -0.112506844 0.219620243 -0.000467608537 0.995612442 -0.0935716629 0.328737766 0.11295896 0.0930253714 0.989235342 0.474988043 0 0 0 1
0.993266702 -0.00922137406 -0.115482442 0.231333256 -0.00016744902 0.996711791 -0.081028536 0.274452955 0.115849905 0.0805022866 0.989999056 0.400622338 0 0 0 1
0.99276185 -0.00793280546 -0.119837224 0.249157041 0.000313206809 0.997983813 -0.0634683594 0.195102721 0.12009909 0.0629714355 0.99076277 0.289823681 0 0 0 1
0.992239654 -0.00656738179 -0.124166459 0.267638534 0.000869118667 0.998946071 -0.0458907038 0.111901216 0.12433698 0.045426663 0.991199672 0.182118103 0 0 0 1
0.991700292 -0.00512555102 -0.128468737 0.28674823 0.00150010397 0.999598324 -0.028301347 0.0249302667 0.128562197 0.0278737396 0.991309643 0.0776097178 0 0 0 1
0.991164565 -0.00383689604 -0.132582232 0.302863836 0.00209348812 0.99990952 -0.0132865291 -0.0510194451 0.132621214 0.0128915776 0.991082966 -0.0239166953 0 0 0 1
0.990612984 -0.00248622941 -0.136673674 0.319602847 0.00274828495 0.999994755 0.00172872131 -0.130047128 0.136668652 -0.00208811206 0.990614593 -0.122999653 0 0 0 1
0.990045726 -0.00107387884 -0.140742064 0.336943597 0.00346433534 0.999853849 0.0167407561 -0.212098554 0.140703514 -0.0170616917 0.989904761 -0.219566554 0 0 0 1
0.989521444 -6.83477265e-06 -0.144385934 0.349126697 0.00415149378 0.999587893 0.028404152 -0.273909688 0.14432624 -0.0287059341 0.989113688 -0.312672675 0 0 0 1
0.988984466 0.00110300712 -0.148015156 0.361891061 0.00488130236 0.999185324 0.040061038 -0.337947726 0.147938758 -0.0403422527 0.988173366 -0.40427044 0 0 0 1
0.988434851 0.00225548004 -0.15162915 0.375224948 0.00565365143 0.99864614 0.0517096668 -0.404187143 0.151540503 -0.0519688986 0.987083972 -0.494317621 0 0 0 1
0.988133311 0.00287299021 -0.153571919 0.380660295 0.00605982961 0.99831748 0.0576672852 -0.433227479 0.153479204 -0.0579135865 0.986453295 -0.54940635 0 0 0 1
0.987828076 0.00350219221 -0.155510351 0.38629356 0.0064777052 0.997953057 0.0636220127 -0.462947369 0.15541485 -0.0638549626 0.985783339 -0.604145229 0 0 0 1
0.987519145 0.00414306112 -0.157444388 0.392123133 0.00690726191 0.997552931 0.0695736185 -0.49334389 0.157347351 -0.0697927922 0.985073984 -0.658527613 0 0 0 1
0.987369478 0.00482421368 -0.158361048 0.390401244 0.00715258205 0.997159958 0.0749726892 -0.519442022 0.158272982 -0.0751584396 0.984530807 -0.743099451 0 0 0 1
0.987219036 0.00551035115 -0.159273863 0.38881731 0.00740297325 0.996737659 0.0803693086 -0.546464324 0.159197122 -0.0805212185 0.983957648 -0.827411711 0 0 0 1
0.987067878 0.00620145164 -0.160182804 0.38737008 0.00765842898 0.996286094 0.0857633203 -0.574408829 0.160119757 -0.0858809724 0.983354509 -0.911456704 0 0 0 1
0.987268984 0.00547071965 -0.158965319 0.378184766 0.00889263954 0.995946825 0.089503631 -0.588683784 0.15881066 -0.0897777826 0.983218729 -1.00709009 0 0 0 1
0.987467647 0.00473516341 -0.157750353 0.368765712 0.010121854 0.995591819 0.0932441205 -0.603723109 0.157496482 -0.093672283 0.983066797 -1.10260057 0 0 0 1
0.987663865 0.00399479689 -0.156537905 0.359113902 0.0113460487 0.995221198 0.0969847441 -0.619526267 0.156177267 -0.0975644141 0.982898712 -1.19798315 0 0 0 1
0.988196075 0.00250083813 -0.153174043 0.338502765 0.0126822256 0.995099127 0.0980656222 -0.621576667 0.15266861 -0.0988506451 0.983321309 -1.30020308 0 0 0 1
0.988714278 0.00100248377 -0.149809971 0.317174196 0.0140145114 0.994973719 0.0991508961 -0.623932064 0.149156377 -0.100131422 0.983730674 -1.4022845 0 0 0 1
0.989218593 -0.000500243215 -0.146445721 0.295129508 0.0153428847 0.994844913 0.100240573 -0.62659353 0.145640641 -0.101406738 0.984126747 -1.50422275 0 0 0 1
0.989681482 -0.00177495251 -0.143273845 0.272428572 0.0162701271 0.994848073 0.100063175 -0.618708611 0.142358094 -0.101361759 0.984611571 -1.61530519 0 0 0 1
0.99013263 -0.00304950797 -0.140100226 0.248979464 0.0171979386 0.99484998 0.0998887569 -0.610853612 0.139074087 -0.101312548 0.985085845 -1.72624958 0 0 0 1
0.990571976 -0.00432389416 -0.136924878 0.224782869 0.0181263033 0.994850695 0.0997173041 -0.60302949 0.135788634 -0.101259112 0.985549629 -1.83705235 0 0 0 1
0.99082309 -0.00539455609 -0.13505742 0.208000138 0.0189497601 0.994878769 0.0992831886 -0.593697667 0.133830175 -0.100931376 0.985851049 -1.91224194 0 0 0 1
0.991069555 -0.00646459032 -0.133188993 0.1909049 0.0197740626 0.99490577 0.0988506079 -0.584344804 0.131871477 -0.100601517 0.986148715 -1.98736525 0 0 0 1
0.991311431 -0.00753399171 -0.131319597 0.173497304 0.0205992032 0.994931817 0.0984195694 -0.574971259 0.129912555 -0.100269526 0.986442447 -2.06242108 0 0 0 1
0.991563261 -0.00779145164 -0.129389286 0.149952143 0.0204088558 0.99512589 0.096477814 -0.552064955 0.128006935 -0.0983045474 0.986889303 -2.16647768 0 0 0 1
0.991811335 -0.00804506615 -0.127457991 0.125998914 0.0202222597 0.995316088 0.094535321 -0.528756678 0.126100451 -0.0963386893 0.98732847 -2.27036715 0 0 0 1
0.992055714 -0.00829483382 -0.125525728 0.101638071 0.020039415 0.995502472 0.0925920904 -0.505046785 0.124193124 -0.0943719745 0.987760067 -2.37408686 0 0 0 1
0.991938055 -0.00814088434 -0.126461968 0.0862439647 0.0196311604 0.99575901 0.0898810551 -0.474320412 0.125193939 -0.0916390345 0.987891078 -2.47730827 0 0 0 1
0.991819441 -0.00798952579 -0.127398521 0.071049124 0.0192201603 0.996008039 0.0871697366 -0.443027318 0.126193509 -0.08890526 0.988013685 -2.58040905 0 0 0 1
0.991699815 -0.00784075912 -0.128335357 0.0560534149 0.0188064165 0.996249557 0.0844581574 -0.411167949 0.127191827 -0.0861706659 0.988127947 -2.68338656 0 0 0 1
0.991153538 -0.00647985563 -0.132562011 0.0600696802 0.0173804741 0.99654305 0.0812394321 -0.373697877 0.131577328 -0.0828247443 0.987839818 -2.77670741 0 0 0 1
0.990586698 -0.00513327401 -0.136790544 0.0649606436 0.0159402322 0.996823907 0.078025952 -0.335596472 0.135955542 -0.0794719458 0.987522304 -2.8698163 0 0 0 1
0.989999354 -0.00380105758 -0.14102082 0.0707260296 0.0144857401 0.997092009 0.0748178065 -0.296866 0.140326336 -0.0761123747 0.987175465 -2.9627037 0 0 0 1
0.989237487 -0.00202831556 -0.146304578 0.0880346 0.0127954632 0.997272432 0.0726906136 -0.269306272 0.145758078 -0.0737803131 0.986565292 -3.02036357 0 0 0 1
0.988443732 -0.000268083822 -0.151587814 0.106036507 0.0110934703 0.997444987 0.0705721229 -0.241502181 0.151181579 -0.0714382082 0.985921264 -3.0778048 0 0 0 1
0.987618089 0.00147957203 -0.156870335 0.124730751 0.00937982555 0.997609615 0.0684624091 -0.213455737 0.156596646 -0.069086127 0.98524344 -3.13502073 0 0 0 1
0.985594094 0.00529506197 -0.169045255 0.174953014 0.00580468681 0.997861862 0.0650997609 -0.170415714 0.169028521 -0.0651431903 0.983456016 -3.21236753 0 0 0 1
0.983403325 0.00906139333 -0.181206614 0.227347463 0.0021873056 0.998087347 0.0617806688 -0.126956046 0.181419834 -0.0611516684 0.981502593 -3.28863406 0 0 0 1
0.9810462 0.0127778789 -0.193352193 0.281898826 -0.00147165917 0.998286009 0.0585057363 -0.0830917805 0.193768352 -0.057112284 0.979383469 -3.36377788 0 0 0 1
0.977170289 0.018390879 -0.211660236 0.370769382 -0.0066950121 0.998417139 0.05584234 -0.0457410142 0.212352186 -0.0531504042 0.975746691 -3.40916228 0 0 0 1
0.972918212 0.0239281189 -0.229907751 0.461740226 -0.0119678397 0.998508096 0.0532765388 -0.00856788922 0.230839565 -0.0490822196 0.971753061 -3.45212269 0 0 0 1
0.968291759 0.0293874089 -0.248087555 0.554753006 -0.017288059 0.9985587 0.0508093536 0.0284019839 0.249223158 -0.0449093282 0.967404246 -3.49259949 0 0 0 1
0.961689651 0.0370843634 -0.271620542 0.671396792 -0.0249967668 0.998542726 0.0478284545 0.0663266033 0.272998393 -0.0392064974 0.961215258 -3.51365304 0 0 0 1
0.95445025 0.0446375012 -0.295012236 0.789820254 -0.0327750295 0.998447597 0.0450356565 0.103535905 0.296564549 -0.0333152562 0.954431534 -3.53074646 0 0 0 1
0.946578383 0.0520416833 -0.318246782 0.909897506 -0.0406175591 0.998273313 0.0424328558 0.139987662 0.319905549 -0.0272396188 0.947057784 -3.5438149 0 0 0 1
0.939937115 0.0575993769 -0.336452812 1.00156486 -0.0468100011 0.998098612 0.0400989465 0.166536883 0.338122785 -0.0219411328 0.940846205 -3.54250312 0 0 0 1
0.932910383 0.0630516484 -0.354545712 1.0937463 -0.0530445166 0.997873247 0.0378844552 0.192571133 0.35618034 -0.016536098 0.934270918 -3.53878856 0 0 0 1
0.925501227 0.0683961734 -0.372517735 1.18638206 -0.0593184605 0.997597277 0.0357903168 0.218073487 0.374070615 -0.0110268034 0.927334666 -3.53265572 0 0 0 1
0.911816239 0.0772048086 -0.403274745 1.34922445 -0.0696828142 0.997012675 0.033317849 0.255296707 0.404642314 -0.00227843714 0.914472222 -3.50733066 0 0 0 1
0.897020102 0.0857079774 -0.433600187 1.51223516 -0.0801157802 0.996297359 0.0311927237 0.290683001 0.434668183 0.00675771991 0.900565326 -3.47468543 0 0 0 1
0.881131172 0.0938950628 -0.463456124 1.67509437 -0.0906043276 0.995452404 0.0294176023 0.32416898 0.464110672 0.0160703659 0.885631442 -3.43470645 0 0 0 1
0.862599373 0.102528647 -0.495388925 1.84689546 -0.10235285 0.994365811 0.0275772754 0.357020855 0.495425284 0.026916327 0.868233442 -3.37666893 0 0 0 1
0.842820644 0.11074736 -0.526676714 2.01724696 -0.114144936 0.993119419 0.0261671953 0.387445122 0.525950849 0.0380632281 0.84966284 -3.31033254 0 0 0 1
0.821824491 0.118538976 -0.557272851 2.18575287 -0.125963002 0.991715074 0.0251894612 0.415379405 0.55564183 0.049494449 0.829947293 -3.23576021 0 0 0 1
0.798287511 0.126508713 -0.588840008 2.36025262 -0.138668805 0.990030527 0.024709437 0.443973452 0.586095512 0.0619285032 0.807871819 -3.14249921 0 0 0 1
0.773457468 0.133971572 -0.619528174 2.53140569 -0.151359051 0.988169611 0.0247234181 0.469549656 0.615511179 0.0746486858 0.784584999 -3.04030681 0 0 0 1
0.747375846 0.140915081 -0.649285972 2.6987536 -0.164012507 0.986135542 0.0252313819 0.492059231 0.643839478 0.0876336917 0.760125697 -2.9293437 0 0 0 1
0.728110969 0.146137923 -0.669700027 2.81405354 -0.173282266 0.984517217 0.0264395792 0.501984596 0.663195014 0.0967961922 0.742160916 -2.84938884 0 0 0 1
0.708250165 0.151094392 -0.689602971 2.92724204 -0.182499126 0.98281002 0.0279030874 0.510311961 0.681964695 0.10608957 0.723649919 -2.76528263 0 0 0 1
0.687810063 0.155780315 -0.708977997 3.03816509 -0.191655308 0.981015205 0.0296206716 0.517031252 0.700132489 0.115506001 0.704608262 -2.67709303 0 0 0 1
0.656220436 0.161886588 -0.736998975 3.19633985 -0.204124123 0.978383362 0.0331570655 0.520042121 0.726435184 0.128680915 0.675080121 -2.52651763 0 0 0 1
0.623437226 0.167415574 -0.763739526 3.34757996 -0.216400832 0.975595295 0.0372083783 0.519601405 0.751329958 0.14207679 0.644451261 -2.36758089 0 0 0 1
0.589521587 0.172356933 -0.789149761 3.4914217 -0.228462547 0.972656369 0.041767057 0.515728772 0.774770379 0.155668586 0.612779021 -2.20063138 0 0 0 1
0.554977119 0.177183986 -0.812776864 3.62812066 -0.240854621 0.969428599 0.0468744002 0.512018561 0.796234548 0.169746846 0.580686271 -2.02884316 0 0 0 1
0.519450366 0.181399271 -0.835024297 3.75690818 -0.252984405 0.966045618 0.0524860471 0.504776776 0.816192508 0.18398422 0.547703981 -1.84975088 0 0 0 1
0.483006388 0.1849951 -0.855851412 3.87736773 -0.264829725 0.962513506 0.0585917458 0.494042724 0.83460772 0.198354706 0.513892353 -1.66374588 0 0 0 1
0.445843458 0.187593982 -0.875232577 3.9897666 -0.274665534 0.959292889 0.0656965151 0.474153101 0.851928651 0.211105853 0.479220062 -1.46877277 0 0 0 1
0.407902241 0.18963854 -0.893114209 4.0927124 -0.284165889 0.955976546 0.0732023865 0.4512977 0.867678225 0.223933175 0.443833798 -1.26773679 0 0 0 1
0.369250774 0.19112514 -0.90946418 4.18585539 -0.293313801 0.952570438 0.0810958967 0.425558239 0.881828129 0.236813679 0.407797009 -1.06109726 0 0 0 1
0.332493305 0.193455681 -0.923051 4.26364565 -0.301441222 0.949194193 0.0903523415 0.395800263 0.893633783 0.248204082 0.373916239 -0.865343451 0 0 0 1
0.295225888 0.195318207 -0.935249984 4.33249378 -0.309174001 0.945742369 0.0999139696 0.363693058 0.904020548 0.2596578 0.33959493 -0.665556669 0 0 0 1
0.257506669 0.196709841 -0.946042061 4.39216995 -0.316500068 0.94222033 0.109765865 0.329336435 0.912972093 0.271156937 0.304886699 -0.462133527 0 0 0 1
0.232336044 0.197378621 -0.952397823 4.43458462 -0.321036816 0.939877987 0.116467506 0.306047142 0.918125987 0.278695166 0.281733334 -0.320889711 0 0 0 1
0.207010567 0.197842196 -0.95812583 4.4725976 -0.325386912 0.937509835 0.12328285 0.28170988 0.922642946 0.286240757 0.258449703 -0.17795077 0 0 0 1
0.181547552 0.198100269 -0.963222086 4.50614023 -0.329547375 0.935117424 0.130207255 0.256358653 0.926519871 0.293788493 0.235051692 -0.033447776 0 0 0 1
0.140637949 0.200219929 -0.969604552 4.55251503 -0.334349275 0.931408465 0.143836305 0.205809653 0.931896746 0.303957731 0.197934762 0.212824613 0 0 0 1
0.0994847193 0.201889113 -0.974342644 4.5860014 -0.338560432 0.927644849 0.157644555 0.153174534 0.935670674 0.314190656 0.160638154 0.462304354 0 0 0 1
0.0581588782 0.203104943 -0.977428198 4.60637808 -0.342173576 0.923833251 0.17160818 0.0986696482 0.937835157 0.324469566 0.123226255 0.714380801 0 0 0 1
0.0134694418 0.203371182 -0.979009032 4.61315441 -0.345351905 0.919792056 0.186318502 0.0417172015 0.938376606 0.335593045 0.0826237127 0.986942768 0 0 0 1
-0.0312465858 0.203108057 -0.978657663 4.60446024 -0.347843707 0.915719748 0.201152042 -0.016821146 0.937031686 0.346705198 0.042036742 1.26102293 0 0 0 1
-0.0758994296 0.20231609 -0.976374686 4.58014297 -0.349643946 0.911624372 0.216078997 -0.0766666159 0.933803201 0.357783765 0.00154682458 1.53582954 0 0 0 1
-0.120858788 0.202848032 -0.971723139 4.53511763 -0.350069612 0.907298446 0.232939482 -0.144988507 0.928894222 0.368323505 -0.0386440605 1.81660354 0 0 0 1
-0.165574417 0.202864558 -0.965106785 4.4736352 -0.349707782 0.90294373 0.249794066 -0.213671878 0.922111511 0.378864855 -0.0785610676 2.0960784 0 0 0 1
-0.209954709 0.202365652 -0.956539154 4.39571238 -0.348559171 0.898569167 0.266608179 -0.282369047 0.913468957 0.389386147 -0.118122429 2.37341475 0 0 0 1
-0.237963766 0.202675179 -0.94989264 4.3338275 -0.347056001 0.895678401 0.278050929 -0.328935415 0.907152355 0.395831972 -0.142799363 2.55029893 0 0 0 1
-0.265777647 0.20278123 -0.942465901 4.26522017 -0.345214158 0.892777026 0.289441377 -0.375096589 0.900105238 0.402279645 -0.167277217 2.72556853 0 0 0 1
-0.293373257 0.202683717 -0.934265196 4.18993616 -0.343035191 0.889867544 0.300770074 -0.420753002 0.892333448 0.408723742 -0.191535681 2.89900708 0 0 0 1
-0.334269762 0.201104894 -0.920771718 4.06691504 -0.338978142 0.885937691 0.316556811 -0.485459119 0.879407465 0.417936862 -0.227972016 3.1531148 0 0 0 1
-0.374547184 0.199096009 -0.905580044 3.92936516 -0.334224194 0.88202554 0.332152307 -0.548497677 0.864874899 0.427073449 -0.263817459 3.40209293 0 0 0 1
-0.414130598 0.196660787 -0.888718367 3.77752972 -0.328782171 0.878138304 0.347527534 -0.609562516 0.848762691 0.436116546 -0.299005389 3.64523268 0 0 0 1
-0.452265263 0.194070891 -0.870512843 3.61803436 -0.322319806 0.87450695 0.362419009 -0.667632818 0.83160454 0.444493055 -0.332956225 3.87927461 0 0 0 1
-0.489590377 0.191096887 -0.850754499 3.44519472 -0.315214932 0.870914519 0.377024472 -0.723155975 0.812982678 0.452758074 -0.36615479 4.10664225 0 0 0 1
-0.526039064 0.187744111 -0.8294788 3.25933743 -0.307480246 0.867367446 0.391317725 -0.775850117 0.792930543 0.46089676 -0.39854157 4.32669258 0 0 0 1
-0.559220374 0.184194461 -0.808297575 3.07584405 -0.29958123 0.864217222 0.404202551 -0.823230505 0.772996545 0.46818909 -0.428106666 4.50754309 0 0 0 1
-0.591528654 0.180333659 -0.785858512 2.88286209 -0.291164577 0.861119747 0.416768491 -0.867675245 0.751875639 0.475344688 -0.456870258 4.68109703 0 0 0 1
-0.62291348 0.176167771 -0.76219666 2.68072987 -0.282243431 0.85807991 0.428995937 -0.90899986 0.729600906 0.482352346 -0.484787345 4.84693241 0 0 0 1
-0.64008081 0.174488336 -0.748231471 2.55906582 -0.276680261 0.856181085 0.436350703 -0.931216955 0.716759741 0.486320615 -0.499747634 4.94445133 0 0 0 1
-0.656933486 0.172711685 -0.733899891 2.43440461 -0.270950466 0.854296505 0.443580151 -0.952207983 0.703579605 0.49025318 -0.514419675 5.03918362 0 0 0 1
-0.673463166 0.170838699 -0.719208896 2.30682278 -0.265056849 0.852427006 0.450680643 -0.97193557 0.690066814 0.494148076 -0.528796256 5.13105345 0 0 0 1
-0.696212113 0.166708276 -0.698209882 2.13881159 -0.257242739 0.850117385 0.459485203 -0.997638702 0.670160294 0.49950859 -0.548977494 5.22065592 0 0 0 1
-0.718282223 0.162397578 -0.67653358 1.96729314 -0.249148399 0.84785521 0.468045533 -1.02128577 0.64961195 0.50474602 -0.568538249 5.30513954 0 0 0 1
-0.739651978 0.157910854 -0.65420115 1.7924484 -0.240781724 0.845642805 0.476353258 -1.04282439 0.628441811 0.50985533 -0.587459326 5.38438702 0 0 0 1
-0.755142629 0.154246315 -0.63715595 1.6643945 -0.234417245 0.844128847 0.482177436 -1.05889225 0.612215757 0.513473094 -0.601279676 5.42566967 0 0 0 1
-0.770222664 0.150491312 -0.619765639 1.53525758 -0.227914229 0.842646301 0.487854809 -1.07382905 0.595661163 0.517010212 -0.614726126 5.46412373 0 0 0 1
-0.784883797 0.146647915 -0.602039754 1.40511048 -0.221276194 0.84119606 0.493382275 -1.08762419 0.57878691 0.520464778 -0.627791464 5.49972534 0 0 0 1
-0.784883797 0.146647915 -0.602039754 1.40511048 -0.221276194 0.84119606 0.493382275 -1.08762419 0.57878691 0.520464778 -0.627791464 5.49972534 0 0 0 1
-0.784883797 0.146647915 -0.602039754 1.40511048 -0.221276194 0.84119606 0.493382275 -1.08762419 0.57878691 0.520464778 -0.627791464 5.49972534 0 0 0 1
-0.784883797 0.146647915 -0.602039754 1.40511048 -0.221276194 0.84119606 0.493382275 -1.08762419 0.57878691 0.520464778 -0.627791464 5.49972534 0 0 0 1
-0.784883797 0.146647915 -0.602039754 1.40511048 -0.221276194 0.84119606 0.493382275 -1.08762419 0.57878691 0.520464778 -0.627791464 5.49972534 0 0 0 1
-0.784883797 0.146647915 -0.602039754 1.40511048 -0.221276194 0.84119606 0.493382275 -1.08762419 0.57878691 0.520464778 -0.627791464 5.49972534 0 0 0 1
-0.784883797 0.146647915 -0.602039754 1.40511048 -0.221276194 0.84119606 0.493382275 -1.08762419 0.57878691 0.520464778 -0.627791464 5.49972534 0 0 0 1
-0.784883797 0.146647915 -0.602039754 1.40511048 -0.221276194 0.84119606 0.493382275 -1.08762419 0.57878691 0.520464778 -0.627791464 5.49972534 0 0 0 1
-0.784883797 0.146647915 -0.602039754 1.40511048 -0.221276194 0.84119606 0.493382275 -1.08762419 0.57878691 0.520464778 -0.627791464 5.49972534 0 0 0 1
-0.784883797 0.146647915 -0.602039754 1.40511048 -0.221276194 0.84119606 0.493382275 -1.08762419 0.57878691 0.520464778 -0.627791464 5.49972534 0 0 0 1
-0.784883797 0.146647915 -0.602039754 1.40511048 -0.221276194 0.84119606 0.493382275 -1.08762419 0.57878691 0.520464778 -0.627791464 5.49972534 0 0 0 1
-0.784883797 0.146647915 -0.602039754 1.40511048 -0.221276194 0.84119606 0.493382275 -1.08762419 0.57878691 0.520464778 -0.627791464 5.49972534 0 0 0 1
