0.93178755 -0.0471493788 -0.359929085 0.848658562 0.0527247861 0.998592913 0.00568239903 0.194300115 0.359154701 -0.0242719725 0.932962358 0.927227855 0 0 0 1
0.93715626 -0.0462330431 -0.345833272 0.844530582 0.0509807095 0.998688877 0.00463942112 0.194217891 0.345165342 -0.0219786875 0.938284516 0.894059181 0 0 0 1
0.942311525 -0.045282159 -0.331660271 0.839598775 0.0492523126 0.998780012 0.00357024092 0.194249809 0.331093967 -0.0196993146 0.943392158 0.861237228 0 0 0 1
0.947252095 -0.0442969464 -0.31741336 0.833872974 0.0475399904 0.99886626 0.00247510546 0.194396272 0.316943854 -0.0174343772 0.94828403 0.828778982 0 0 0 1
0.951362312 -0.0431198031 -0.305041611 0.81641078 0.045981247 0.998939872 0.00219883514 0.185522079 0.304623425 -0.0161180831 0.95233649 0.78396678 0 0 0 1
0.955309689 -0.0419255272 -0.292618603 0.797904074 0.0444261134 0.999010861 0.00190227386 0.176771507 0.292249411 -0.014817168 0.956227362 0.739747047 0 0 0 1
0.959093511 -0.0407143235 -0.28014645 0.778365791 0.0428748578 0.999079168 0.00158547238 0.16814594 0.279823929 -0.0135318553 0.95995599 0.696139216 0 0 0 1
0.965397358 -0.03856498 -0.257916003 0.730827391 0.0399079435 0.999203384 -2.80542044e-05 0.159922644 0.257711619 -0.0102658141 0.966167331 0.608578742 0 0 0 1
0.971182048 -0.0363405496 -0.235552192 0.679656267 0.0369785689 0.999314606 -0.00170968112 0.152341112 0.235452875 -0.00704997173 0.97186017 0.523600459 0 0 0 1
0.976444304 -0.0340422392 -0.213067159 0.624949813 0.0340883322 0.999412835 -0.00345849362 0.145404264 0.213059798 -0.00388607825 0.97703141 0.44132638 0 0 0 1
0.980059206 -0.0327555276 -0.195987344 0.577132225 0.0325633846 0.999460816 -0.00420345273 0.137210444 0.196019366 -0.00226237811 0.980597436 0.380936801 0 0 0 1
0.983374059 -0.0314406082 -0.178848907 0.527391076 0.0310515631 0.999505401 -0.00497491518 0.129270196 0.178916857 -0.000661335362 0.98386395 0.322353899 0 0 0 1
0.986387908 -0.0300978906 -0.161657125 0.475775868 0.029553337 0.999546528 -0.00577264326 0.121584319 0.161757573 0.00091655791 0.986830115 0.265626341 0 0 0 1
0.990357041 -0.0274586063 -0.135790229 0.396636754 0.0267949011 0.999618411 -0.00671337359 0.111749075 0.13592276 0.00301015074 0.990714848 0.189158767 0 0 0 1
0.993641496 -0.0247652568 -0.109833069 0.313829422 0.0240617823 0.999680638 -0.00772594241 0.102532275 0.10998933 0.0050340374 0.993920028 0.117044568 0 0 0 1
0.996238947 -0.0220197104 -0.0838036463 0.227531478 0.0213558748 0.99973315 -0.00880964752 0.0939385369 0.0839752629 0.00698681409 0.996443331 0.049422387 0 0 0 1
0.998056114 -0.0193733126 -0.0592341982 0.140846431 0.0188696384 0.999781013 -0.00905071106 0.0888544992 0.0593965687 0.00791538972 0.998203099 -0.0320369489 0 0 0 1
0.999260604 -0.0167047158 -0.0346295051 0.0503126755 0.0163899716 0.999821901 -0.00935294945 0.0842705742 0.0347795784 0.0087784566 0.999356449 -0.109143846 0 0 0 1
0.999851704 -0.01401556 -0.0100046797 -0.043904826 0.013918397 0.999855936 -0.0097161755 0.080197826 0.010139416 0.00957548525 0.999902725 -0.181759387 0 0 0 1
0.999913216 -0.0123873092 0.00448609982 -0.0964414254 0.0124278618 0.999881089 -0.00912746694 0.075878486 -0.00437250175 0.00918242708 0.999948263 -0.228394434 0 0 0 1
0.999761999 -0.0107648959 0.0189768746 -0.150341675 0.0109289093 0.999903619 -0.00856041908 0.0716587827 -0.018882893 0.0087657785 0.999783278 -0.273526877 0 0 0 1
0.999398053 -0.00914866477 0.0334645584 -0.205572709 0.00942185987 0.999923468 -0.00801515393 0.0675430596 -0.0333886705 0.00832562707 0.999407768 -0.317127258 0 0 0 1
0.998707235 -0.00690597994 0.0503602847 -0.260009617 0.00720452052 0.999957502 -0.0057489844 0.0706445426 -0.0503184423 0.0061043743 0.998714566 -0.389767081 0 0 0 1
0.997725308 -0.00470115012 0.0672465786 -0.31693399 0.00494907005 0.999981582 -0.00352061354 0.0736202076 -0.0672287866 0.00384541322 0.997730196 -0.460646242 0 0 0 1
0.99645251 -0.00253482931 0.0841184333 -0.376301676 0.00265617715 0.999995589 -0.00133070094 0.0764841884 -0.0841146931 0.00154941378 0.996454895 -0.529700875 0 0 0 1
0.995568037 -0.00125708408 0.0940359458 -0.409955263 0.00106056186 0.999997139 0.00213980908 0.0772670507 -0.0940383673 -0.00203059451 0.995566487 -0.601061106 0 0 0 1
0.994582653 -1.50536162e-05 0.103948496 -0.445058048 -0.000569543685 0.999984205 0.00559422886 0.0776052848 -0.103946932 -0.0056231264 0.994566977 -0.671805322 0 0 0 1
0.993496656 0.00119112083 0.113854945 -0.481601954 -0.00223395415 0.999956727 0.00903216656 0.0775049403 -0.113839261 -0.00922777411 0.993456304 -0.741909206 0 0 0 1
0.991956294 0.00345347798 0.126533911 -0.509987831 -0.00564707629 0.999839842 0.0169814415 0.0802549422 -0.126454994 -0.0175593942 0.991816938 -0.867913783 0 0 0 1
0.990247011 0.00560913468 0.139209822 -0.541629076 -0.00916078687 0.999648333 0.0248853117 0.0809881911 -0.139021277 -0.0259178784 0.98995018 -0.993370414 0 0 0 1
0.988369346 0.00765757915 0.151879668 -0.576523125 -0.0127742514 0.999382198 0.032741908 0.0797231644 -0.151535124 -0.0343012437 0.987856507 -1.11819112 0 0 0 1
0.987119496 0.00830449816 0.159769133 -0.601782441 -0.0146970134 0.99913615 0.0388709866 0.0743674636 -0.159308314 -0.0407184362 0.986388803 -1.20212197 0 0 0 1
0.985805988 0.0089000836 0.167652294 -0.628413498 -0.0166679155 0.998848677 0.0449829511 0.0679594055 -0.16705893 -0.0471388772 0.984819412 -1.28568554 0 0 0 1
0.984429061 0.00944427215 0.175528347 -0.656413794 -0.0186867528 0.998519897 0.0510771573 0.0605041906 -0.17478615 -0.0535618961 0.983148456 -1.36885536 0 0 0 1
0.98264569 0.0105798887 0.185190454 -0.676171243 -0.022025615 0.997963905 0.0598574504 0.0538528338 -0.184180111 -0.0628976002 0.980877936 -1.52307904 0 0 0 1
0.980765283 0.0116235027 0.194844544 -0.698995829 -0.0254480615 0.997319639 0.0685994476 0.0443407558 -0.193524927 -0.0722383708 0.978432298 -1.67700171 0 0 0 1
0.978788137 0.0125749204 0.204488829 -0.724891305 -0.0289534628 0.996587276 0.0773015395 0.0319793336 -0.2028189 -0.0815824866 0.975811839 -1.83053839 0 0 0 1
0.976970434 0.0138885751 0.21292235 -0.749221563 -0.0324929468 0.995925069 0.0841277093 0.02228144 -0.210886285 -0.0891087577 0.973440588 -1.99361539 0 0 0 1
0.975077152 0.0151369413 0.22134915 -0.776385784 -0.0360885188 0.99520421 0.090918541 0.0101836845 -0.21891138 -0.0966407508 0.970947146 -2.15633535 0 0 0 1
0.97310853 0.0163198542 0.229768142 -0.806387544 -0.0397396982 0.99442482 0.0976731256 -0.00430181157 -0.226893127 -0.104177475 0.968331873 -2.31863523 0 0 0 1
0.971915007 0.0163919516 0.234760597 -0.822305202 -0.0409296751 0.994141757 0.100034855 -0.00869686902 -0.231745541 -0.106834047 0.966892183 -2.4263854 0 0 0 1
0.970695972 0.0164503343 0.239747092 -0.839344323 -0.0421314612 0.993851721 0.102389745 -0.0136476308 -0.236588731 -0.109490216 0.965420961 -2.53402162 0 0 0 1
0.969451606 0.0164950006 0.244727463 -0.857504725 -0.0433450118 0.993554831 0.104737736 -0.019152699 -0.241422504 -0.112145886 0.963918269 -2.64153242 0 0 0 1
0.96768117 0.0165560059 0.25163269 -0.888615787 -0.0440587737 0.993594646 0.104059964 -0.0182418507 -0.248298079 -0.111783497 0.962212324 -2.81118894 0 0 0 1
0.965861559 0.0166196097 0.258525074 -0.92217046 -0.0447676852 0.993634224 0.103377104 -0.0171259865 -0.255161285 -0.11142154 0.960457146 -2.98052835 0 0 0 1
0.963992834 0.0166858044 0.265404284 -0.958165526 -0.0454717018 0.993673623 0.102689177 -0.015802145 -0.262011796 -0.111060016 0.958652973 -3.14952493 0 0 0 1
0.963164389 0.0168093927 0.268387407 -0.972158432 -0.0447953269 0.994128942 0.0984940529 8.02486175e-05 -0.26515606 -0.106888466 0.958262563 -3.31136441 0 0 0 1
0.962326646 0.0169459693 0.271367341 -0.987143219 -0.0441052243 0.994566441 0.0942992717 0.0173586328 -0.268294841 -0.102715418 0.957845211 -3.47306681 0 0 0 1
0.961479664 0.0170955304 0.274344027 -1.00311852 -0.0434014089 0.994986117 0.090104945 0.0360329859 -0.271428108 -0.0985409915 0.957400858 -3.63461852 0 0 0 1
0.960311472 0.0174875949 0.278381079 -1.03670168 -0.0406948291 0.996137619 0.0778057873 0.0944227576 -0.275945216 -0.0860464647 0.957314074 -3.90534663 0 0 0 1
0.95912683 0.0179323535 0.28240782 -1.072492 -0.0379305631 0.99713105 0.065505676 0.159743503 -0.280422926 -0.0735401362 0.957055271 -4.17492485 0 0 0 1
0.957925856 0.0184297264 0.286423534 -1.11047518 -0.0351091027 0.997966111 0.0532067791 0.231979236 -0.284860402 -0.0610242225 0.956624568 -4.44320726 0 0 0 1
0.9571715 0.0185581502 0.288926095 -1.13327765 -0.0300749596 0.998918056 0.035472136 0.348345935 -0.287955165 -0.0426423587 0.956694007 -4.74860811 0 0 0 1
0.956410587 0.0187346581 0.291423678 -1.15764594 -0.0249843709 0.999530435 0.017738631 0.476115733 -0.29095453 -0.0242464524 0.956429601 -5.05103493 0 0 0 1
0.955643356 0.0189591888 0.29391551 -1.18356574 -0.019839108 0.999803185 1.24313137e-05 0.615218282 -0.293857425 -0.00584290083 0.955831409 -5.35016537 0 0 0 1
0.955401599 0.0195553098 0.294661492 -1.18957877 -0.0164335836 0.999779582 -0.0130669549 0.717618108 -0.294852078 0.00764184492 0.955512345 -5.57018185 0 0 0 1
0.955161095 0.0201619435 0.295399398 -1.1958636 -0.0130147971 0.999573529 -0.0261412784 0.826083601 -0.295800477 0.0211245678 0.955016136 -5.78836966 0 0 0 1
0.954921901 0.0207789782 0.296129048 -1.20241296 -0.00958337635 0.999185085 -0.0392081439 0.940583646 -0.296702445 0.0346027985 0.954342842 -6.00460482 0 0 0 1
0.95465976 0.0210111029 0.296956658 -1.2086463 -0.00321284146 0.998175323 -0.0602969974 1.14348376 -0.297681719 0.056609042 0.952985346 -6.32196808 0 0 0 1
0.954398096 0.0212622955 0.297778815 -1.21540046 0.00317778578 0.996680439 -0.0813509375 1.36082816 -0.298520029 0.0785874575 0.951162338 -6.6331358 0 0 0 1
0.954136968 0.0215324294 0.29859513 -1.22266424 0.00958539266 0.994701266 -0.102359712 1.59243882 -0.299217016 0.100527331 0.948874831 -6.93762589 0 0 0 1
0.953950763 0.02155306 0.299187928 -1.22763646 0.0133291166 0.993384302 -0.114061393 1.72631228 -0.299666971 0.112796865 0.947352409 -7.14294052 0 0 0 1
0.953764141 0.0215813573 0.299780279 -1.23288417 0.0170781054 0.991915822 -0.125743344 1.8655045 -0.300070524 0.125049174 0.945685148 -7.34596729 0 0 0 1
0.953577101 0.0216173176 0.300372094 -1.23840559 0.0208317861 0.990296066 -0.137403771 2.00997877 -0.300427586 0.137282372 0.943873286 -7.54660654 0 0 0 1
0.9530949 0.0217603073 0.301888317 -1.24614525 0.0256085936 0.988038301 -0.152067617 2.20369339 -0.301586241 0.152665809 0.941137016 -7.84652281 0 0 0 1
0.952610552 0.0219280161 0.303401291 -1.25491726 0.0304028299 0.985541046 -0.166686893 2.40725708 -0.302669525 0.168011948 0.938170075 -8.14214516 0 0 0 1
0.952124059 0.0221204031 0.30491066 -1.26471412 0.0352133214 0.982804954 -0.181257993 2.62058234 -0.303677201 0.183317006 0.9349733 -8.43323612 0 0 0 1
0.951516509 0.022624189 0.306764603 -1.27286017 0.0376577824 0.981221557 -0.189172238 2.75771928 -0.305283904 0.191552579 0.932796538 -8.70091438 0 0 0 1
0.950906038 0.0231443122 0.308613062 -1.28210449 0.0401157811 0.97956872 -0.19706808 2.8995738 -0.306868702 0.199773476 0.930549383 -8.96685982 0 0 0 1
0.950292766 0.0236807298 0.310455918 -1.29244173 0.0425871275 0.977846563 -0.204944909 3.04612613 -0.308431506 0.207979083 0.928232014 -9.23100758 0 0 0 1
0.949508309 0.0241656508 0.312809914 -1.32528484 0.0431199968 0.977516353 -0.206403658 3.09102058 -0.3107647 0.209470347 0.927117825 -9.40036201 0 0 0 1
0.948717892 0.024654353 0.315161169 -1.35900772 0.0436565354 0.977183759 -0.207860544 3.1364634 -0.313095033 0.210959852 0.92599535 -9.56948853 0 0 0 1
0.947921574 0.0251468346 0.317509621 -1.39360952 0.0441967361 0.976848841 -0.209315524 3.18245411 -0.315422535 0.212447584 0.92486465 -9.73838329 0 0 0 1
0.946450412 0.0259907804 0.321801245 -1.45482039 0.043675594 0.977283657 -0.20738624 3.19250441 -0.319881231 0.210335657 0.923815429 -9.9859457 0 0 0 1
0.944958866 0.0268249158 0.326087713 -1.51831996 0.0431451648 0.9777143 -0.205458537 3.20153379 -0.324332058 0.208218977 0.922742426 -10.2332277 0 0 0 1
0.943446815 0.0276492201 0.330368936 -1.5841068 0.0426054597 0.978140712 -0.203532487 3.20954275 -0.32877484 0.206097588 0.921645761 -10.4802113 0 0 0 1
0.942251682 0.0284456462 0.333695412 -1.62769449 0.0415553525 0.97875607 -0.200772747 3.19028115 -0.332317531 0.203045294 0.921052456 -10.6763325 0 0 0 1
0.941043675 0.0292310398 0.337019891 -1.67268932 0.0404946394 0.97936213 -0.198015019 3.16985154 -0.335852712 0.199988276 0.920438826 -10.8722477 0 0 0 1
0.939822793 0.0300053842 0.340342224 -1.71909082 0.0394233465 0.979958951 -0.195259362 3.14825439 -0.339380264 0.196926624 0.919804871 -11.0679464 0 0 0 1
0.937946856 0.0309808664 0.345392376 -1.80091643 0.0371774398 0.981277466 -0.188977227 3.08126903 -0.344780415 0.190091401 0.919234335 -11.3552084 0 0 0 1
0.936041653 0.0319187827 0.350438654 -1.88581598 0.0348947383 0.982549489 -0.182698771 3.01045012 -0.350154847 0.183242127 0.918593466 -11.641489 0 0 0 1
0.934107244 0.0328190587 0.355480701 -1.9737829 0.0325754173 0.98377502 -0.176424488 2.93580437 -0.355503112 0.176379323 0.917882264 -11.9267235 0 0 0 1
0.933203936 0.0330570564 0.357823521 -2.01101136 0.0308245327 0.984725654 -0.171362981 2.87039876 -0.358022749 0.170946345 0.917930841 -12.12605 0 0 0 1
0.932294607 0.0332811996 0.360165417 -2.04920101 0.0290598031 0.985646784 -0.166300818 2.80287695 -0.360530585 0.165507704 0.917946041 -12.3249006 0 0 0 1
0.931379378 0.0334914811 0.36250627 -2.08834958 0.0272812899 0.986538351 -0.161238208 2.7332418 -0.36302647 0.16006358 0.917927802 -12.5232582 0 0 0 1
0.930845916 0.0337763615 0.363847524 -2.11027527 0.0239067171 0.987956405 -0.152874589 2.61898804 -0.36462903 0.151001096 0.918827713 -12.8014393 0 0 0 1
0.930309951 0.034047991 0.365190536 -2.13299346 0.0205176901 0.989291608 -0.144503206 2.49985647 -0.36619997 0.141925633 0.919649243 -13.078516 0 0 0 1
0.929771483 0.0343063399 0.366535157 -2.15650296 0.0171144959 0.990543842 -0.136124745 2.37585759 -0.367739081 0.132837966 0.920392334 -13.3544226 0 0 0 1
0.930920064 0.033517424 0.363681674 -2.09798527 0.0139334872 0.991795778 -0.127071023 2.23965478 -0.364957035 0.123360321 0.922815561 -13.628047 0 0 0 1
0.932061076 0.0327579342 0.360817224 -2.037781 0.0107799917 0.992955625 -0.117995441 2.09847903 -0.362140775 0.113868564 0.925142169 -13.9000301 0 0 0 1
0.933194339 0.0320279449 0.357942045 -1.97589278 0.00765433582 0.994023383 -0.108898945 1.95234859 -0.35929054 0.104363687 0.92737186 -14.1702929 0 0 0 1
0.934452415 0.0311179031 0.354725808 -1.90886521 0.00578117603 0.99471724 -0.102489725 1.85721636 -0.356041133 0.0978225023 0.929336011 -14.3171329 0 0 0 1
0.935699999 0.0302305762 0.35149917 -1.84081948 0.00393050862 0.995366871 -0.0960693359 1.76030147 -0.352774858 0.0912736431 0.931245923 -14.4630337 0 0 0 1
0.936937034 0.0293660145 0.34826231 -1.77175784 0.00210244069 0.995972157 -0.0896381438 1.66161144 -0.349491894 0.0847174972 0.933101475 -14.607975 0 0 0 1
0.940570354 0.0274634771 0.338486552 -1.58699477 -0.00103692652 0.996952236 -0.0780074447 1.47540116 -0.339597285 0.0730205104 0.93773222 -14.7914162 0 0 0 1
0.944102228 0.0256834906 0.328650713 -1.39856422 -0.00405286998 0.997789323 -0.0663330033 1.28548038 -0.329627842 0.0612931587 0.942119241 -14.9701843 0 0 0 1
0.947531819 0.024026515 0.318757325 -1.20651484 -0.00694461307 0.998483181 -0.0546178147 1.09191692 -0.319586098 0.0495384708 0.946261406 -15.1441622 0 0 0 1
0.950531065 0.0226205979 0.309804827 -1.02322102 -0.00870107207 0.998892546 -0.0462384894 0.955349863 -0.310507685 0.0412554853 0.949675202 -15.2535372 0 0 0 1
0.953445554 0.0212930478 0.300812483 -0.83791095 -0.0103771547 0.999229968 -0.037839517 0.817319751 -0.301386565 0.0329563431 0.952932298 -15.3595543 0 0 0 1
0.956274867 0.0200440809 0.291781753 -0.65061903 -0.0119725857 0.999495387 -0.0294222757 0.677862227 -0.292224258 0.0246424004 0.956032276 -15.4621668 0 0 0 1
0.960985303 0.0171961747 0.276064396 -0.327666909 -0.0135247316 0.999793053 -0.0151977139 0.448355943 -0.276268601 0.0108710825 0.96101898 -15.6057434 0 0 0 1
0.965435982 0.0145747932 0.260232359 0.000272324716 -0.0148397954 0.999889433 -0.000946496672 0.216120064 -0.260217398 -0.00294801313 0.965545535 -15.739419 0 0 0 1
0.969624877 0.0121811805 0.244293183 0.333023399 -0.0159171503 0.999784529 0.0133245997 -0.0186681226 -0.244078234 -0.0168083142 0.969609857 -15.863019 0 0 0 1
0.973773241 0.00940916874 0.227326185 0.677068412 -0.0161161795 0.999487281 0.0276657958 -0.248170182 -0.226949319 -0.0306038409 0.973425627 -15.955266 0 0 0 1
0.977623165 0.0068787816 0.210251436 1.02516782 -0.0160623714 0.99898839 0.0420026705 -0.479000807 -0.209749818 -0.0444399193 0.976744652 -16.0369644 0 0 0 1
0.98117274 0.00459130574 0.193077639 1.37712145 -0.0157557484 0.998287976 0.056327939 -0.710974693 -0.192488477 -0.0583095215 0.979565322 -16.1079826 0 0 0 1
0.983468175 0.00373232388 0.181042567 1.61433339 -0.0159723405 0.997678697 0.0661978573 -0.874267936 -0.180375233 -0.0679951608 0.981244862 -16.1618824 0 0 0 1
0.985616267 0.00299234409 0.168972418 1.85342038 -0.0160669927 0.996973515 0.0760633126 -1.03838491 -0.168233424 -0.0776841119 0.982681394 -16.2107162 0 0 0 1
0.98761636 0.00237154844 0.156870186 2.09431553 -0.0160396826 0.996172726 0.0859218836 -1.20326543 -0.15606603 -0.0873740092 0.983874559 -16.2544346 0 0 0 1
0.990297198 0.00130454008 0.138959512 2.45794058 -0.0154206315 0.994811893 0.100556172 -1.45336664 -0.138107389 -0.101723336 0.985179543 -16.3005619 0 0 0 1
0.992653668 0.000498834008 0.120989673 2.82493234 -0.0145348888 0.993241131 0.115155682 -1.70436645 -0.120114468 -0.116068281 0.985951662 -16.3349648 0 0 0 1
0.994684458 -4.51363085e-05 0.10297031 3.19505692 -0.0133829312 0.991461337 0.129712567 -1.95605707 -0.102096938 -0.13040112 0.986190557 -16.3575211 0 0 0 1
0.995741308 -0.000482180127 0.0921903774 3.43244052 -0.0123619754 0.990257263 0.138700053 -2.10424995 -0.0913590714 -0.139249027 0.986034095 -16.3985023 0 0 0 1
0.996681511 -0.000822462724 0.0813961625 3.67153931 -0.0112432698 0.988973558 0.147664845 -2.25306559 -0.0806201026 -0.14808999 0.985682368 -16.4349098 0 0 0 1
0.99750483 -0.00106591696 0.0705897957 3.91229916 -0.0100270361 0.9876104 0.156605184 -2.40245104 -0.0698821396 -0.156922236 0.985135496 -16.4666977 0 0 0 1
0.998286188 -0.00266922754 0.0584604032 4.21691227 -0.00731639052 0.985428929 0.16993016 -2.63272905 -0.0580621548 -0.170066655 0.983720541 -16.5023899 0 0 0 1
0.99891901 -0.00411032839 0.0463020317 4.52417278 -0.00444618566 0.983067334 0.183190852 -2.86351204 -0.0462709889 -0.18319869 0.981986344 -16.5298729 0 0 0 1
0.999403238 -0.00538874744 0.0341186672 4.83397245 -0.00141736062 0.980526268 0.19638291 -3.09465456 -0.0345125087 -0.196314082 0.9799335 -16.5490761 0 0 0 1
0.999679148 -0.00647969777 0.0244861916 5.08777618 0.00133397325 0.978851259 0.204568967 -3.25336266 -0.0252938848 -0.204470664 0.978545845 -16.5723629 0 0 0 1
0.999861777 -0.00749031315 0.0148427384 5.34323215 0.00416214485 0.977105618 0.212713972 -3.41198659 -0.0160962176 -0.212622806 0.977001786 -16.5908337 0 0 0 1
0.999951065 -0.00842043012 0.00518987421 5.60028696 0.00706669455 0.975289762 0.220816627 -3.57046938 -0.00692100171 -0.220769152 0.975301504 -16.6044617 0 0 0 1
0.999922574 -0.0105517702 -0.00659200642 5.94175053 0.0117992787 0.972296894 0.233451277 -3.81499219 0.00394606357 -0.233510986 0.972346127 -16.6533794 0 0 0 1
0.999752223 -0.0125285322 -0.0183996111 6.2868824 0.0166720077 0.969129086 0.245989606 -4.05984783 0.0147497086 -0.246235415 0.969097793 -16.6930466 0 0 0 1
0.999439955 -0.0143500995 -0.0302292556 6.63556242 0.0216833651 0.965787232 0.258427739 -4.30485868 0.0254865661 -0.258938491 0.965557516 -16.723381 0 0 0 1
0.998949766 -0.0157456491 -0.0430278219 6.97776842 0.0268375818 0.96221745 0.270956308 -4.55673456 0.0371357389 -0.271826506 0.96162951 -16.7164917 0 0 0 1
0.998295724 -0.0169696547 -0.0558366105 7.32291269 0.0321421474 0.958471775 0.283370256 -4.80798578 0.0487091206 -0.284682006 0.957383692 -16.6998615 0 0 0 1
0.997477949 -0.0180217009 -0.0686512738 7.67085171 0.0375952609 0.954551518 0.295665354 -5.05842924 0.0602027848 -0.29750061 0.952821612 -16.6734295 0 0 0 1
0.996842623 -0.0193048976 -0.0770198703 7.90154171 0.0419136509 0.951777279 0.303913176 -5.20842934 0.0674387515 -0.306181788 0.949581325 -16.6661358 0 0 0 1
0.996136069 -0.02051148 -0.0853941515 8.13358021 0.046294149 0.948920727 0.312099874 -5.3580308 0.0746306479 -0.314847201 0.946203709 -16.6548195 0 0 0 1
0.995358407 -0.0216412637 -0.093772836 8.3669281 0.0507360846 0.945982158 0.320224255 -5.50718164 0.0817773789 -0.323495567 0.9426893 -16.6394691 0 0 0 1
0.994069219 -0.0209430903 -0.106713504 8.72106552 0.055162847 0.94277519 0.328834325 -5.65889215 0.0937200338 -0.332770705 0.938339055 -16.5876999 0 0 0 1
0.992614806 -0.0201173741 -0.119629115 9.07648468 0.0596982948 0.939482689 0.337355047 -5.8093586 0.105602778 -0.342005283 0.933745384 -16.5282307 0 0 0 1
0.990995526 -0.0191643313 -0.13251631 9.43306446 0.0643412471 0.93610549 0.345784277 -5.95848179 0.117422514 -0.351196945 0.928909421 -16.4610367 0 0 0 1
0.990345299 -0.0208717454 -0.137042314 9.58071136 0.0683488622 0.933599532 0.351738989 -6.07232189 0.120601237 -0.357709736 0.926012456 -16.4219151 0 0 0 1
0.989670455 -0.0225471351 -0.141576678 9.72881317 0.0723761395 0.931043386 0.357658982 -6.18544626 0.123749845 -0.364211291 0.923058033 -16.3810062 0 0 0 1
0.988971174 -0.0241903793 -0.146119103 9.87735844 0.0764227882 0.928437114 0.363543808 -6.29783726 0.126868129 -0.370701164 0.92004627 -16.3383083 0 0 0 1
0.988038063 -0.0240020324 -0.152330697 10.0058517 0.0795850232 0.925465345 0.370378315 -6.41161156 0.132086948 -0.378071129 0.916305244 -16.2494392 0 0 0 1
0.987067401 -0.0237637796 -0.15853481 10.1341953 0.0827857628 0.922436714 0.377169818 -6.52451515 0.137275338 -0.385416448 0.912474453 -16.1587543 0 0 0 1
0.986059129 -0.0234756451 -0.164730817 10.262373 0.0860246792 0.919351459 0.38391757 -6.63653326 0.142432794 -0.392736346 0.908554375 -16.0662575 0 0 0 1
0.986059129 -0.0234756451 -0.164730817 10.262373 0.0860246792 0.919351459 0.38391757 -6.63653326 0.142432794 -0.392736346 0.908554375 -16.0662575 0 0 0 1
0.986059129 -0.0234756451 -0.164730817 10.262373 0.0860246792 0.919351459 0.38391757 -6.63653326 0.142432794 -0.392736346 0.908554375 -16.0662575 0 0 0 1
