0.719988048 -0.113871604 -0.684580505 0.881885231 -0.0711221844 0.969145358 -0.23600623 0.293871522 0.690332413 0.218610525 0.689674258 1.17651606 0 0 0 1
0.71817112 -0.114730142 -0.686343372 0.880876541 -0.0675886795 0.970150411 -0.232894719 0.288250983 0.692576349 0.213647306 0.688979566 1.15422356 0 0 0 1
0.716347277 -0.115575776 -0.688105226 0.879993796 -0.0640449747 0.971131384 -0.229787096 0.28241241 0.69479841 0.208677053 0.688265264 1.13201714 0 0 0 1
0.714516461 -0.116408482 -0.689866126 0.87923646 -0.0604911856 0.972088158 -0.226683483 0.276356548 0.696998596 0.203699902 0.687531352 1.10989928 0 0 0 1
0.712462187 -0.116965115 -0.691893637 0.87984556 -0.0583085716 0.972731948 -0.224482998 0.262458384 0.699283779 0.200278968 0.686214685 1.08110666 0 0 0 1
0.710401237 -0.117511667 -0.693917215 0.880627453 -0.0561186671 0.973364949 -0.222286627 0.248372585 0.701555967 0.196854398 0.684885085 1.0524267 0 0 0 1
0.708333731 -0.118048124 -0.695936739 0.881581783 -0.0539215133 0.973987103 -0.220094398 0.234099731 0.703815162 0.193426251 0.683542609 1.02386105 0 0 0 1
0.705844343 -0.120791517 -0.697992265 0.882181406 -0.0501261204 0.974366784 -0.219309717 0.210003436 0.706591189 0.189786166 0.681696475 0.950199008 0 0 0 1
0.703336835 -0.123522252 -0.700042546 0.883444786 -0.0463268645 0.974728703 -0.218535408 0.185427591 0.709345579 0.186134771 0.679840207 0.876734555 0 0 0 1
0.700811267 -0.126240253 -0.702087581 0.885372162 -0.0425238647 0.97507298 -0.2177715 0.160375312 0.712078154 0.182472199 0.677973926 0.80347383 0 0 0 1
0.69851768 -0.12705785 -0.7042225 0.896074295 -0.0394038185 0.975788116 -0.215139121 0.13176021 0.714507103 0.17802754 0.676598728 0.732056797 0 0 0 1
0.69621557 -0.127861261 -0.706353605 0.907258987 -0.0362743214 0.976484716 -0.212512985 0.102551669 0.716915667 0.173577338 0.675205767 0.660970867 0 0 0 1
0.693904936 -0.128650442 -0.708480775 0.918924809 -0.0331354551 0.977162659 -0.209893167 0.072751984 0.719303787 0.169121742 0.673795104 0.590222001 0 0 0 1
0.694925666 -0.129506215 -0.707323432 0.926699102 -0.0299865194 0.977573633 -0.208448157 0.0378408618 0.71845603 0.16606614 0.675457597 0.486301392 0 0 0 1
0.695941746 -0.130366638 -0.706165433 0.934271932 -0.0268392768 0.977973521 -0.206996381 0.00226401933 0.717596471 0.163010389 0.677113652 0.382602483 0 0 0 1
0.696953177 -0.131231666 -0.705006778 0.941644728 -0.0236937702 0.978362322 -0.205537841 -0.0339777507 0.716725111 0.159954518 0.67876333 0.279128909 0 0 0 1
0.701792479 -0.131584287 -0.700123489 0.945884645 -0.0212432034 0.978490412 -0.205195636 -0.0616826005 0.712064683 0.158877611 0.683901906 0.187773779 0 0 0 1
0.706596732 -0.131944329 -0.695206285 0.949021578 -0.0187949911 0.97861582 -0.204836026 -0.0897322297 0.707366824 0.15780285 0.689006865 0.0964933783 0 0 0 1
0.7113657 -0.132311776 -0.690255344 0.951056957 -0.0163492579 0.978738606 -0.204459026 -0.118128754 0.702631891 0.156730294 0.694077849 0.00529972604 0 0 0 1
0.716330051 -0.131678551 -0.685224056 0.949187338 -0.0151496092 0.978865206 -0.203944489 -0.123716883 0.697597146 0.156472445 0.699195683 -0.040370822 0 0 0 1
0.721258044 -0.131047234 -0.680156946 0.946723461 -0.0139537128 0.978991866 -0.203421295 -0.129410222 0.692525923 0.156209961 0.704277158 -0.0859980434 0 0 0 1
0.72614944 -0.130417854 -0.675054193 0.943666041 -0.012761631 0.979118466 -0.202889457 -0.135209113 0.687418461 0.155942857 0.709321976 -0.131575599 0 0 0 1
0.737355292 -0.128498644 -0.663170636 0.933807492 -0.0107761445 0.979377806 -0.201749831 -0.138601944 0.675419211 0.155907735 0.720764697 -0.184424028 0 0 0 1
0.748361111 -0.126580447 -0.65110141 0.922468901 -0.00881006848 0.979638278 -0.200577304 -0.142206296 0.663233042 0.155840501 0.73200798 -0.236956492 0 0 0 1
0.759163857 -0.124663793 -0.638849914 0.909658313 -0.0068639461 0.979899824 -0.199372172 -0.146022484 0.650863349 0.15574117 0.743048847 -0.289137959 0 0 0 1
0.766619146 -0.122844823 -0.630241454 0.90022856 -0.00666079856 0.979954123 -0.199111924 -0.146434143 0.642067552 0.15684092 0.750433326 -0.3236323 0 0 0 1
0.773972452 -0.121013276 -0.621548414 0.8901245 -0.00646072999 0.980008781 -0.198849365 -0.146865085 0.633186281 0.157919586 0.757717967 -0.357944191 0 0 0 1
0.78122288 -0.119169421 -0.612771928 0.879348934 -0.00626376644 0.980063736 -0.198584527 -0.147315189 0.624220788 0.158977047 0.764901757 -0.392062694 0 0 0 1
0.794810236 -0.115194291 -0.595824599 0.856882513 -0.00583674526 0.980322242 -0.197317526 -0.148666054 0.606829941 0.160307676 0.778497815 -0.443394214 0 0 0 1
0.808010578 -0.111190632 -0.578580618 0.83257997 -0.00543836411 0.980580568 -0.196041182 -0.150106519 0.589142859 0.161549881 0.791714787 -0.493908316 0 0 0 1
0.820817411 -0.107160419 -0.561048567 0.80646652 -0.00506881718 0.980838597 -0.194756135 -0.151633948 0.571168244 0.162703082 0.804546177 -0.543548942 0 0 0 1
0.830500066 -0.10443943 -0.547139823 0.786950469 -0.00464030867 0.980933845 -0.1942866 -0.150186285 0.556999147 0.163893938 0.81418103 -0.576625288 0 0 0 1
0.839938164 -0.101698406 -0.533067882 0.766537666 -0.00422008382 0.981030047 -0.193809837 -0.14877443 0.54266572 0.16503787 0.823575377 -0.609187961 0 0 0 1
0.849128783 -0.0989381596 -0.518836796 0.745240033 -0.00380826695 0.981127203 -0.193325981 -0.147398025 0.528172195 0.166134521 0.832726538 -0.641215801 0 0 0 1
0.865529239 -0.0929503292 -0.492157906 0.707612038 -0.00396574242 0.981326163 -0.192310348 -0.146348998 0.50084275 0.168401986 0.848997831 -0.692346036 0 0 0 1
0.881050169 -0.0868931413 -0.464973301 0.667497098 -0.00415611966 0.981522858 -0.191299915 -0.14532581 0.47300458 0.170477301 0.864409745 -0.74170661 0 0 0 1
0.895675838 -0.0807727575 -0.437310666 0.624970853 -0.00437920587 0.98171705 -0.190295711 -0.144324347 0.444686025 0.172358334 0.878946483 -0.789191484 0 0 0 1
0.911612213 -0.0747077614 -0.404205292 0.574561238 -0.00353042153 0.98188585 -0.189440548 -0.142861769 0.411036134 0.174123332 0.894835353 -0.830384076 0 0 0 1
0.926284432 -0.0685813352 -0.370531708 0.521971881 -0.00271467213 0.982058942 -0.188554645 -0.14149496 0.376815319 0.175661102 0.909479737 -0.868893564 0 0 0 1
0.939672112 -0.0624019764 -0.336336613 0.467333853 -0.00193308992 0.982236087 -0.187639236 -0.140221 0.342071027 0.176969528 0.922859251 -0.904615581 0 0 0 1
0.951126695 -0.0550498255 -0.303854495 0.420236766 -0.00269714324 0.982463181 -0.186437115 -0.141230687 0.308789164 0.178144857 0.934298456 -0.926165819 0 0 0 1
0.961401939 -0.0476606153 -0.270988554 0.372214913 -0.00350377476 0.982682943 -0.185261741 -0.142194316 0.275125504 0.179060474 0.944586337 -0.945519447 0 0 0 1
0.970485091 -0.0402435176 -0.237779602 0.323364854 -0.00435198331 0.982895136 -0.18411459 -0.143108189 0.241121843 0.179715276 0.95370996 -0.962638915 0 0 0 1
0.984915435 -0.0258636177 -0.171092376 0.230316177 -0.00582836755 0.983246684 -0.182186753 -0.148416758 0.172938019 0.180435747 0.968264103 -0.989649236 0 0 0 1
0.994558156 -0.0114678554 -0.103549913 0.135165319 -0.00743763894 0.983571887 -0.180363491 -0.153553158 0.103917167 0.180152148 0.978134155 -1.00834298 0 0 0 1
0.999366224 0.0028737362 -0.0354807973 0.0386208296 -0.00917196926 0.983869255 -0.178653687 -0.158496961 0.0343950652 0.17886588 0.983272076 -1.01856804 0 0 0 1
0.999799192 0.0140939597 0.0142454673 -0.0330564752 -0.0113311252 0.983928382 -0.178203806 -0.161623329 -0.0165281165 0.178006604 0.983890474 -1.02613616 0 0 0 1
0.997634113 0.02525598 0.0639395714 -0.10536962 -0.0135105001 0.983962715 -0.17786178 -0.164557189 -0.0674062297 0.176577136 0.981976032 -1.02904403 0 0 0 1
0.992876649 0.0363307856 0.113472372 -0.178028703 -0.0157044288 0.983972311 -0.177628502 -0.167294264 -0.118107051 0.174581185 0.977533698 -1.02724969 0 0 0 1
0.980724871 0.0507658832 0.188683882 -0.281852841 -0.0171337891 0.984282613 -0.175767243 -0.170538619 -0.194641247 0.169146433 0.966180265 -1.00961769 0 0 0 1
0.962678432 0.0647368357 0.262791574 -0.383899122 -0.0187049191 0.984564602 -0.174019188 -0.173592448 -0.270000726 0.162609026 0.949029982 -0.982080579 0 0 0 1
0.938845992 0.0781595856 0.33534953 -0.483257771 -0.0204083659 0.984816492 -0.172394857 -0.176433906 -0.343732059 0.155008286 0.926186085 -0.944820106 0 0 0 1
0.913601696 0.0861931741 0.397369742 -0.563486099 -0.0192209557 0.985336304 -0.169537246 -0.180260807 -0.406155795 0.14725168 0.901861608 -0.897117972 0 0 0 1
0.884206951 0.0936848 0.457603812 -0.639417708 -0.0182316769 0.985855162 -0.166604966 -0.184155598 -0.466739446 0.138970375 0.87340802 -0.842920423 0 0 0 1
0.850795567 0.100600347 0.515777528 -0.710546315 -0.0174450353 0.986370623 -0.163611367 -0.18808949 -0.525207162 0.13020207 0.840954721 -0.782594264 0 0 0 1
0.832093239 0.104958631 0.544614136 -0.749666572 -0.0170719028 0.986312628 -0.163999796 -0.185132176 -0.554373026 0.127165511 0.822495878 -0.740390599 0 0 0 1
0.812391698 0.109209113 0.57279408 -0.786697865 -0.016685389 0.986256778 -0.164375216 -0.182212099 -0.582873285 0.123979777 0.803049028 -0.696433008 0 0 0 1
0.791714787 0.113346696 0.600283504 -0.821566463 -0.0162859578 0.986203015 -0.164737195 -0.17933014 -0.610673785 0.120648682 0.782637477 -0.650816202 0 0 0 1
0.769878805 0.115463726 0.627658129 -0.861243784 -0.0150317689 0.986505091 -0.163039252 -0.168114722 -0.638013065 0.116085656 0.761224985 -0.603259444 0 0 0 1
0.747096479 0.117419057 0.654262662 -0.898630679 -0.0138386562 0.986808717 -0.161298111 -0.15697746 -0.664571524 0.111451142 0.73886621 -0.553744733 0 0 0 1
0.723395765 0.11921028 0.680064321 -0.933638871 -0.0127080884 0.987113535 -0.159515947 -0.145910814 -0.690316677 0.106750838 0.715588689 -0.502375424 0 0 0 1
0.713751316 0.119469091 0.690134943 -0.954107404 -0.0128783062 0.987417042 -0.157612532 -0.132036954 -0.700280845 0.103608377 0.706308782 -0.480204344 0 0 0 1
0.703969598 0.119683854 0.700073302 -0.974176764 -0.0130752353 0.987716138 -0.15571098 -0.118157454 -0.71010977 0.100462176 0.696887016 -0.457605094 0 0 0 1
0.694052517 0.119854517 0.709877431 -0.993839025 -0.0132988356 0.988010705 -0.153811693 -0.104270801 -0.719801545 0.0973128453 0.687325239 -0.434584707 0 0 0 1
0.693219364 0.118314676 0.710949063 -1.00034106 -0.0135169029 0.988394439 -0.151306748 -0.0629465282 -0.72059989 0.0952789411 0.686773419 -0.40637067 0 0 0 1
0.692385614 0.11677178 0.712015808 -1.00692022 -0.0137378918 0.988771737 -0.148801073 -0.0215382539 -0.721396863 0.0932461321 0.68621552 -0.37830469 0 0 0 1
0.691551328 0.115225844 0.713077664 -1.01357722 -0.0139618022 0.989142537 -0.146294698 0.019953398 -0.722192407 0.0912144408 0.6856516 -0.350386828 0 0 0 1
0.699279189 0.112342171 0.705965936 -1.01010501 -0.0129259005 0.989399612 -0.144642234 0.0668202937 -0.714731812 0.0920200571 0.693318665 -0.333358675 0 0 0 1
0.706924617 0.109449536 0.698769212 -1.00729835 -0.0118720829 0.989651442 -0.143000335 0.113711432 -0.707189262 0.0927946046 0.700908363 -0.316340238 0 0 0 1
0.714486718 0.106548287 0.691488385 -1.00515676 -0.0108004743 0.989898026 -0.141369179 0.160624772 -0.699565649 0.0935379937 0.70841974 -0.299342901 0 0 0 1
0.719478011 0.103744581 0.686722934 -1.01710081 -0.0104848966 0.990290105 -0.138620064 0.187540993 -0.694436073 0.092533879 0.713579774 -0.302588671 0 0 0 1
0.724431992 0.100947268 0.681914926 -1.02917278 -0.0101494519 0.990674376 -0.1358722 0.214402929 -0.689271569 0.0915091112 0.718700767 -0.30611822 0 0 0 1
0.729348242 0.0981565043 0.677064598 -1.04136944 -0.00979415979 0.99105078 -0.133125752 0.241209343 -0.684072495 0.0904637501 0.72378248 -0.309932977 0 0 0 1
0.741877675 0.0938560963 0.663934171 -1.02699864 -0.00934439711 0.991506457 -0.129721478 0.278667897 -0.670470119 0.0900334045 0.736453533 -0.314194858 0 0 0 1
0.754152596 0.0895631686 0.650563061 -1.01304507 -0.00883119646 0.991949677 -0.126324549 0.316213429 -0.656639814 0.0895227343 0.74887234 -0.318201512 0 0 0 1
0.766168654 0.0852792561 0.636956036 -0.999515176 -0.00825473759 0.992380261 -0.122936152 0.353844464 -0.642586529 0.0889319256 0.761034608 -0.321968287 0 0 0 1
0.771427393 0.0811236203 0.631124973 -1.00117266 -0.0060834093 0.992734849 -0.120168485 0.37073043 -0.636288285 0.0888618678 0.766316354 -0.335755348 0 0 0 1
0.776626825 0.0769674927 0.625241339 -1.00280273 -0.00388923916 0.993075073 -0.117417075 0.387585461 -0.629948914 0.0887575373 0.771548092 -0.349609673 0 0 0 1
0.781766593 0.0728112087 0.61930567 -1.00440407 -0.00167240261 0.993400812 -0.114682131 0.404409498 -0.623568892 0.0886189342 0.776729405 -0.363531202 0 0 0 1
0.792380929 0.0682487711 0.606196821 -0.983179033 0.00282215839 0.993301153 -0.115519919 0.435544282 -0.610020101 0.0932465643 0.786880314 -0.382289618 0 0 0 1
0.802746832 0.0636077151 0.59291786 -0.961781979 0.00730147446 0.993171811 -0.116432011 0.466864794 -0.59627527 0.0977946073 0.79680109 -0.400184661 0 0 0 1
0.812861025 0.0588895045 0.579473078 -0.940235257 0.011764125 0.993012905 -0.117418118 0.498366982 -0.582338929 0.102261603 0.806488633 -0.417213738 0 0 0 1
0.820560873 0.0562334433 0.568786144 -0.921112597 0.0137516242 0.992917836 -0.118004344 0.511747122 -0.571393669 0.104651481 0.813976228 -0.432107359 0 0 0 1
0.828111112 0.0535457768 0.558000743 -0.901786685 0.015730951 0.992815554 -0.118616425 0.525199056 -0.560343266 0.107005462 0.821319222 -0.446510673 0 0 0 1
0.835510314 0.050827004 0.547118962 -0.882267058 0.0177017432 0.992705941 -0.119254239 0.538721859 -0.549189568 0.109323107 0.828516304 -0.460420549 0 0 0 1
0.849693477 0.0489016287 0.525004387 -0.836809278 0.0199696962 0.991991103 -0.12471915 0.569929361 -0.526898682 0.116457224 0.841911793 -0.501044571 0 0 0 1
0.86328721 0.0467884429 0.502539575 -0.789706051 0.0220911279 0.991236687 -0.130237326 0.601406753 -0.504229307 0.123533875 0.854688346 -0.539249241 0 0 0 1
0.876281619 0.0444889776 0.479740858 -0.741048217 0.0240644924 0.990443349 -0.135804743 0.633131206 -0.481197953 0.130547911 0.866836667 -0.574975789 0 0 0 1
0.886633873 0.0421039574 0.460551471 -0.701485038 0.0263349451 0.989634752 -0.141172051 0.660463333 -0.461721629 0.137296513 0.876334846 -0.599302292 0 0 0 1
0.896557689 0.0395711362 0.441155761 -0.661117494 0.0284849778 0.988788188 -0.146582916 0.687965751 -0.442010045 0.143986359 0.88537848 -0.621873677 0 0 0 1
0.906048 0.036891818 0.421563745 -0.619999945 0.0305134803 0.987904072 -0.152034551 0.715623319 -0.422073364 0.150613979 0.893962801 -0.642665923 0 0 0 1
0.912269413 0.0329108611 0.408266336 -0.591777861 0.0331627466 0.987559259 -0.153710425 0.725484848 -0.408245951 0.153764546 0.899828732 -0.662449777 0 0 0 1
0.918276548 0.0288833454 0.394884676 -0.563107967 0.035785567 0.987199426 -0.155424282 0.735512733 -0.394319087 0.156853646 0.905488491 -0.681455553 0 0 0 1
0.924068034 0.0248102304 0.381421983 -0.53400749 0.0383813083 0.986824512 -0.15717575 0.745704949 -0.380296141 0.159880564 0.910940766 -0.699673355 0 0 0 1
0.931605041 0.0217333212 0.362821817 -0.491950393 0.0387990735 0.986561179 -0.158718869 0.760264695 -0.361395389 0.161940455 0.918242157 -0.723208487 0 0 0 1
0.938756883 0.0186151788 0.344076961 -0.449139863 0.0391848944 0.986295164 -0.160269827 0.774870217 -0.34234488 0.163937017 0.925161958 -0.74527663 0 0 0 1
0.94552058 0.0154570993 0.325195223 -0.405617774 0.0395386145 0.986026585 -0.161827981 0.789518118 -0.323152512 0.165869445 0.931697249 -0.765856981 0 0 0 1
0.948260248 0.0144838206 0.317163497 -0.388501436 0.0395618528 0.985782921 -0.163300112 0.800827503 -0.315019578 0.167398587 0.93420577 -0.781823099 0 0 0 1
0.950930476 0.0134974252 0.309110016 -0.37112388 0.0395722874 0.985537529 -0.164772108 0.812166393 -0.306863517 0.168919012 0.936643541 -0.797524571 0 0 0 1
0.953531086 0.0124979867 0.301035404 -0.353488147 0.0395699106 0.985290408 -0.166243866 0.823534012 -0.298685014 0.17043063 0.939010501 -0.812958181 0 0 0 1
0.956740081 0.0110964635 0.290732414 -0.33085224 0.0379807279 0.985957801 -0.162618026 0.818228126 -0.288454384 0.16662541 0.942883909 -0.833782852 0 0 0 1
0.9598369 0.00973670091 0.280389577 -0.30784601 0.0364310741 0.986610651 -0.158972472 0.812769294 -0.278183222 0.162802532 0.946630597 -0.854183376 0 0 0 1
0.962821186 0.00841887947 0.270008296 -0.284475893 0.0349211618 0.987248719 -0.15530768 0.807159603 -0.26787287 0.158962533 0.95024997 -0.874153376 0 0 0 1
0.964038312 0.00792101305 0.265645117 -0.277369857 0.0333949588 0.988022566 -0.150652722 0.799411118 -0.263656706 0.154106215 0.952227116 -0.906307757 0 0 0 1
0.965235949 0.00744543085 0.26127407 -0.269997805 0.0318894163 0.988772392 -0.145987123 0.791368186 -0.259427518 0.149243891 0.954161227 -0.938359439 0 0 0 1
0.966413975 0.00699215475 0.256895304 -0.262360424 0.0304046031 0.989498198 -0.141311094 0.783031285 -0.255185515 0.144375816 0.956052303 -0.970304608 0 0 0 1
0.967150748 0.00753394328 0.254091918 -0.256083697 0.028251715 0.990182757 -0.136893958 0.771438479 -0.252628773 0.139575616 0.957443118 -0.987039208 0 0 0 1
0.967878342 0.00808977522 0.251288891 -0.249744132 0.0261106156 0.990843356 -0.132467449 0.759696364 -0.250059575 0.134773687 0.958804607 -1.00365686 0 0 0 1
0.968596697 0.00865963195 0.248486295 -0.24334234 0.0239813719 0.991480112 -0.128031731 0.747805595 -0.247477934 0.129970148 0.960136652 -1.02015638 0 0 0 1
0.9688465 0.0090825446 0.247495383 -0.245235547 0.0220974162 0.992171407 -0.122913182 0.73410064 -0.246674195 0.124553017 0.96106106 -1.05906212 0 0 0 1
0.969094515 0.00951102935 0.246506408 -0.247070432 0.0202177502 0.99283278 -0.117789119 0.719996691 -0.245859936 0.119132593 0.961956501 -1.09785151 0 0 0 1
0.969340682 0.00994507316 0.2455194 -0.248847485 0.0183424316 0.993464291 -0.112659693 0.705494702 -0.245035172 0.113709047 0.962822914 -1.13652146 0 0 0 1
0.969675064 0.0105661033 0.244169369 -0.250268996 0.0162042249 0.9940871 -0.107369982 0.692085564 -0.243860096 0.108070567 0.963770211 -1.17643523 0 0 0 1
0.970006227 0.0111950086 0.242822185 -0.251607448 0.0140724806 0.994677246 -0.10207393 0.678251028 -0.242672428 0.102429457 0.964685619 -1.21623743 0 0 0 1
0.970334172 0.0118317679 0.241477922 -0.252863467 0.0119472723 0.995234907 -0.0967717245 0.663991868 -0.241472229 0.0967859104 0.965569079 -1.25592422 0 0 0 1
0.971509039 0.0117621413 0.236710548 -0.246200144 0.0102442084 0.995750248 -0.0915231556 0.651290596 -0.23678109 0.0913404822 0.967259884 -1.29071021 0 0 0 1
0.972660184 0.0117193731 0.231937081 -0.239227816 0.0085666636 0.996235549 -0.0862635151 0.638229251 -0.232074916 0.0858920142 0.968898237 -1.32535815 0 0 0 1
0.973787665 0.0117034661 0.227157801 -0.231947586 0.00691472739 0.996690691 -0.0809930861 0.624808669 -0.22735396 0.0804408044 0.970484138 -1.35986292 0 0 0 1
0.974814177 0.0101194279 0.222789034 -0.224180087 0.0069841533 0.99709487 -0.0758488029 0.610381901 -0.222909361 0.0754944757 0.97191155 -1.37919354 0 0 0 1
0.975820124 0.00855767168 0.218407497 -0.216227546 0.00707711559 0.997472346 -0.0707028508 0.595795035 -0.218460485 0.0705389604 0.973293006 -1.39836824 0 0 0 1
0.976805508 0.0070182723 0.214013383 -0.208090574 0.00719361007 0.997823 -0.0655554906 0.581049562 -0.214007556 0.0655744895 0.974628508 -1.41738451 0 0 0 1
0.978928566 0.0063773212 0.204103366 -0.193077758 0.00590260839 0.998210847 -0.0594999641 0.572492003 -0.204117656 0.0594509579 0.977139473 -1.43871069 0 0 0 1
0.980951071 0.00579859689 0.194168523 -0.177689865 0.00467306469 0.998560727 -0.053429354 0.563705504 -0.194198877 0.0533189438 0.979512095 -1.45982432 0 0 0 1
0.982872665 0.00528218178 0.184210256 -0.161929145 0.00350515312 0.998872459 -0.047344517 0.554691374 -0.184252635 0.0471793152 0.981745958 -1.4807179 0 0 0 1
0.984416902 0.00263537699 0.175830677 -0.152876914 0.00475592446 0.999122977 -0.041601833 0.548333883 -0.175786093 0.041789785 0.983540952 -1.4898237 0 0 0 1
0.985885143 3.46598281e-05 0.16742304 -0.143695474 0.00605609082 0.99933815 -0.0358686969 0.54191637 -0.167313486 0.0363763459 0.985232413 -1.4988488 0 0 0 1
0.987277269 -0.00251968554 0.158988297 -0.134385005 0.00740550924 0.999518096 -0.0301457383 0.535439372 -0.158835724 0.0309395902 0.986820102 -1.50779116 0 0 0 1
0.988680899 -0.00196573464 0.150020644 -0.117344491 0.00588551024 0.999652684 -0.025688732 0.525854647 -0.149918035 0.0262809061 0.98834908 -1.53179204 0 0 0 1
0.990002513 -0.00136950857 0.141043231 -0.099913165 0.00440582866 0.999765158 -0.0212175678 0.516048074 -0.140981063 0.021626858 0.989776075 -1.55555308 0 0 0 1
0.991241872 -0.000731069653 0.132057011 -0.0820938498 0.0029666184 0.999855578 -0.0167327151 0.506020606 -0.132025704 0.0169779304 0.991100907 -1.57906699 0 0 0 1
0.992307782 -0.00168091187 0.123783886 -0.0738383159 0.00320198666 0.999921799 -0.0120902332 0.49839583 -0.123753875 0.0123935863 0.992235541 -1.59172297 0 0 0 1
0.993304372 -0.00259246561 0.11549782 -0.0653894618 0.00347606698 0.999966204 -0.00744961575 0.490671933 -0.115474604 0.00780121377 0.993279815 -1.60431039 0 0 0 1
0.994231462 -0.00346564781 0.107199572 -0.0567474477 0.00378883397 0.999988854 -0.002811288 0.482849419 -0.107188635 0.00320123252 0.994233549 -1.6168263 0 0 0 1
0.994934142 -0.00425801706 0.100438483 -0.0455472544 0.00421800464 0.99999094 0.000610735791 0.477551341 -0.100440174 -0.000183991928 0.994943082 -1.62437975 0 0 0 1
0.995590627 -0.00502735004 0.0936701 -0.0342540108 0.00467038015 0.999980986 0.00402975548 0.472218513 -0.0936885774 -0.00357451197 0.995595157 -1.63183558 0 0 0 1
0.99620074 -0.00577360205 0.0868948027 -0.0228683632 0.00514593441 0.999959052 0.00744557288 0.466851443 -0.0869342312 -0.00697013037 0.996189654 -1.6391927 0 0 0 1
0.996357739 -0.00447788695 0.0851537511 -0.0233453158 0.00367248245 0.999947071 0.00961253326 0.462428212 -0.0851922855 -0.00926479697 0.99632144 -1.64843631 0 0 0 1
0.99650979 -0.00317815831 0.0834152475 -0.0237982869 0.0022028184 0.999928176 0.0117820157 0.457970858 -0.0834467039 -0.011557146 0.996445239 -1.65767586 0 0 0 1
0.996656895 -0.00187442906 0.0816793218 -0.0242273305 0.000736956659 0.999902368 0.0139539987 0.453479439 -0.0816975087 -0.0138471546 0.996560991 -1.66691136 0 0 0 1
0.996656895 -0.00187442906 0.0816793218 -0.0242273305 0.000736956659 0.999902368 0.0139539987 0.453479439 -0.0816975087 -0.0138471546 0.996560991 -1.66691136 0 0 0 1
0.996656895 -0.00187442906 0.0816793218 -0.0242273305 0.000736956659 0.999902368 0.0139539987 0.453479439 -0.0816975087 -0.0138471546 0.996560991 -1.66691136 0 0 0 1
