0.99999696 -4.3803866e-05 -0.00245561823 0.00290712039 4.67457539e-05 0.999999285 0.00119797909 -0.00111666473 0.00245556352 -0.00119809026 0.999996305 -0.00101379107 0 0 0 1
0.999992192 -4.34236863e-05 0.00393002992 -0.00348503399 8.07147153e-05 0.999954998 -0.00948908273 0.00958129391 -0.0039294404 0.00948932581 0.999947309 -0.000966733613 0 0 0 1
0.999963462 -4.31482513e-05 0.0085378699 -0.00809757877 0.0002814623 0.999610305 -0.0279133655 0.0280244034 -0.00853333715 0.0279147513 0.999574006 -0.000593534263 0 0 0 1
0.999933422 -4.29681459e-05 0.011542731 -0.0111055151 0.000650588016 0.998613238 -0.0526423305 0.0527786314 -0.0115244603 0.052646324 0.998546779 0.000435345952 0 0 0 1
0.999913931 -4.2873613e-05 0.0131195113 -0.0126839112 0.00112161285 0.996612966 -0.082227774 0.0823942572 -0.0130715491 0.0822354034 0.996527255 0.00245869788 0 0 0 1
0.999909639 -4.28541753e-05 0.0134430816 -0.0130078122 0.00159143703 0.993340313 -0.115206085 0.115406111 -0.0133486157 0.11521706 0.993250549 0.00574125163 0 0 0 1
0.999919474 -4.28994172e-05 0.012688254 -0.0122522106 0.00194715185 0.988668084 -0.150105953 0.150341257 -0.0125380289 0.150118545 0.988588572 0.0104113277 0 0 0 1
0.999939144 -4.29991851e-05 0.0110297892 -0.010592049 0.00208799052 0.982649088 -0.185462385 0.185733303 -0.0108304368 0.185474113 0.982589483 0.016420193 0 0 0 1
0.999962628 -4.3142325e-05 0.00864244811 -0.00820226688 0.00194207125 0.975535154 -0.219834939 0.220140219 -0.00842152815 0.219843462 0.975498796 0.0235219412 0 0 0 1
0.999983728 -4.33180103e-05 0.0057010008 -0.00525781186 0.00147759623 0.967771769 -0.25182429 0.252161294 -0.00550635904 0.251828611 0.967756152 0.0312764607 0 0 0 1
0.999997199 -4.35160509e-05 0.00238024583 -0.00193366851 0.00070844416 0.959975243 -0.280083686 0.280448496 -0.00227278844 0.28008458 0.95997268 0.0390716717 0 0 0 1
0.999999285 -4.37259696e-05 -0.00114498765 0.00159515615 -0.000305631518 0.952888787 -0.303319752 0.303707153 0.00110430876 0.303319842 0.952888191 0.0461668409 0 0 0 1
0.999988854 -4.39372125e-05 -0.00469984859 0.00515363319 -0.00146366248 0.947321653 -0.320280373 0.320684046 0.00446633995 0.320283711 0.947311282 0.0517523587 0 0 0 1
0.999967158 -4.41389166e-05 -0.00810949039 0.00856673811 -0.00263234298 0.944072187 -0.329728216 0.330140769 0.00767049566 0.329738706 0.944041014 0.0550280288 0 0 0 1
0.999937296 -4.43215322e-05 -0.0111990822 0.0116594639 -0.00365879666 0.943826973 -0.330419868 0.33083266 0.0105846394 0.330440104 0.943767548 0.0553031601 0 0 0 1
0.999904811 -4.44746911e-05 -0.0137938326 0.0142568406 -0.00440189894 0.946680903 -0.32214281 0.322546989 0.0130726835 0.32217285 0.946590662 0.052477695 0 0 0 1
0.99987638 -4.45874575e-05 -0.0157189853 0.0161839407 -0.00477311248 0.951918125 -0.306315422 0.306703806 0.0149768442 0.306352586 0.951800406 0.0472622514 0 0 0 1
0.999858856 -4.46507038e-05 -0.0167998057 0.0172658563 -0.00473700603 0.958671391 -0.284476191 0.284842938 0.0161181912 0.284515619 0.95853591 0.0405185036 0 0 0 1
0.999857724 -4.46557315e-05 -0.0168615505 0.0173276626 -0.00431079883 0.966087043 -0.258180767 0.258521527 0.0163012501 0.258216739 0.965949535 0.0330952369 0 0 0 1
0.999876201 -4.45883088e-05 -0.0157294329 0.0161944013 -0.00355953886 0.973412991 -0.229029372 0.229341373 0.0153214438 0.229057029 0.97329241 0.0257420242 0 0 0 1
0.9999125 -4.44413454e-05 -0.0132286083 0.0136910453 -0.00258490001 0.980061471 -0.198677689 0.198959753 0.0129736774 0.198694482 0.979975641 0.0190484338 0 0 0 1
0.999957621 -4.42033524e-05 -0.00919776224 0.00965611357 -0.00150900567 0.98565042 -0.168792248 0.169044837 0.00907323882 0.168798998 0.985608637 0.0134054245 0 0 0 1
0.999992788 -4.38830721e-05 -0.00378894457 0.0042418032 -0.000487551879 0.990131021 -0.140144169 0.140368387 0.00375770032 0.140144989 0.990123928 0.00888088625 0 0 0 1
0.999996781 -4.3507076e-05 0.00253229588 -0.00208587386 0.000328310474 0.993642926 -0.112577297 0.112774104 -0.00251129968 0.112577759 0.993639767 0.00535630947 0 0 0 1
0.999956906 -4.31034568e-05 0.00928657781 -0.00884705316 0.000840587891 0.996304393 -0.0858882219 0.0860583037 -0.00924855564 0.0858923271 0.996261537 0.00272664404 0 0 0 1
0.999872029 -4.2700518e-05 0.0159944501 -0.0155617958 0.00100030378 0.9982059 -0.0598677695 0.0600115545 -0.0159631949 0.0598761067 0.998078227 0.000903038366 0 0 0 1
0.999754012 -4.2327425e-05 0.0221765954 -0.0217502881 0.000803195115 0.999411225 -0.0343017131 0.0344194733 -0.0221620817 0.0343110897 0.999165535 -0.000190289051 0 0 0 1
0.999625802 -4.20138167e-05 0.0273539908 -0.0269330144 0.000287520525 0.999959707 -0.00897130091 0.00906307716 -0.0273525082 0.00897580758 0.999585688 -0.000615263882 0 0 0 1
0.999517739 -4.17893607e-05 0.0310479514 -0.030630786 -0.000465964491 0.999866247 0.0163464453 -0.0162807982 -0.0310444776 -0.0163530316 0.999384284 -0.000417416188 0 0 0 1
0.999462545 -4.16838375e-05 0.0327800177 -0.0323646404 -0.00133182493 0.999121785 0.0418778509 -0.0418386534 -0.0327529758 -0.0418989956 0.998584986 0.000379879057 0 0 0 1
0.999485493 -4.17268129e-05 0.0320715867 -0.0316554792 -0.00213554921 0.997693181 0.067850776 -0.0678385124 -0.0320004299 -0.0678843558 0.997179985 0.00178446388 0 0 0 1
0.999595344 -4.19470853e-05 0.0284435488 -0.0280237012 -0.00264698127 0.995522201 0.0944913849 -0.0945066735 -0.028320143 -0.0945284441 0.995119214 0.00384667492 0 0 0 1
0.999770582 -4.23734164e-05 0.0214160066 -0.0209889188 -0.00257168687 0.992524385 0.122018747 -0.122062273 -0.0212610774 -0.122045822 0.992296755 0.00667298911 0 0 0 1
0.999944746 -4.30301588e-05 0.0105085028 -0.0100702271 -0.00154050731 0.988588035 0.1506363 -0.150708854 -0.0103950594 -0.150644138 0.988533437 0.0104426406 0 0 0 1
0.999988675 -4.39404794e-05 -0.00475858944 0.00521243364 0.00090224616 0.983571053 0.180519357 -0.180621669 0.00467247749 -0.180521607 0.983559966 0.0154255005 0 0 0 1
0.999694228 -4.51147971e-05 -0.0247237273 0.0251977704 0.0052770488 0.977343917 0.211592019 -0.21172449 0.0241540316 -0.211657777 0.977045417 0.0219528899 0 0 0 1
0.998808265 -4.65090925e-05 -0.0488049611 0.0493031368 0.0118882414 0.970110536 0.242372006 -0.24253346 0.0473349355 -0.242663339 0.968955159 0.0300591998 0 0 0 1
0.997104943 -4.80578346e-05 -0.076037623 0.0765627697 0.0207005963 0.962400317 0.270845145 -0.271032274 0.073165603 -0.271634996 0.959615111 0.0394178741 0 0 0 1
0.99442488 -4.96901885e-05 -0.105447069 0.106000967 0.0313367806 0.954960525 0.29507342 -0.295281142 0.100683108 -0.296732783 0.949638069 0.0494153872 0 0 0 1
0.990701139 -5.13499617e-05 -0.136055261 0.136638671 0.0430660509 0.948699653 0.313232154 -0.313453555 0.129059464 -0.316178858 0.939880073 0.059194468 0 0 0 1
0.985975623 -5.29823847e-05 -0.166888848 0.167501524 0.0548281372 0.944596052 0.323623687 -0.323850721 0.157625362 -0.328235269 0.931351662 0.0677434355 0 0 0 1
0.980405748 -5.45276162e-05 -0.19698827 0.197629109 0.0652848855 0.943574965 0.324660152 -0.32488361 0.185855478 -0.331159055 0.925090015 0.0740239099 0 0 0 1
0.974262416 -5.59444488e-05 -0.225416571 0.226083577 0.0730392933 0.946128845 0.315445036 -0.31565538 0.21325542 -0.323790491 0.921782017 0.0773482695 0 0 0 1
0.967918277 -5.72125755e-05 -0.251265019 0.251955509 0.0773098916 0.951556861 0.297595084 -0.297784925 0.239075899 -0.307472944 0.9210338 0.0781101212 0 0 0 1
0.961827755 -5.82698085e-05 -0.273655295 0.274365872 0.0778147504 0.958777785 0.273294657 -0.273458987 0.262358665 -0.284156799 0.922183812 0.0769713372 0 0 0 1
0.956498921 -5.91195967e-05 -0.291735381 0.292461962 0.0746850297 0.966725767 0.244670466 -0.244806364 0.282013565 -0.255815357 0.924676716 0.0744870678 0 0 0 1
0.952457905 -5.9721031e-05 -0.304670036 0.305408031 0.0684491917 0.97447753 0.213794544 -0.213901162 0.296881348 -0.224484742 0.928153038 0.0710163862 0 0 0 1
0.950205207 -6.00320272e-05 -0.311624765 0.31236884 0.0599744394 0.981340587 0.182684854 -0.182763025 0.305799037 -0.192277625 0.932478547 0.0666930974 0 0 0 1
0.950165212 -6.00290878e-05 -0.311746776 0.31249091 0.0503632016 0.986893892 0.153310746 -0.15336284 0.307651699 -0.161371082 0.937715292 0.0614544451 0 0 0 1
0.952443898 -5.97067483e-05 -0.304713845 0.30545181 0.0406963006 0.991066217 0.127010241 -0.127039537 0.301983953 -0.133370876 0.9439376 0.0552257299 0 0 0 1
0.956551611 -5.91145363e-05 -0.291562825 0.292289287 0.0316559598 0.994109392 0.103654519 -0.103663847 0.289839208 -0.108380593 0.950918972 0.0482336469 0 0 0 1
0.96186471 -5.82695211e-05 -0.273525387 0.274235874 0.0236499682 0.996272624 0.0829539895 -0.0829456598 0.272501022 -0.0862593874 0.95828104 0.0408581682 0 0 0 1
0.967767954 -5.72406134e-05 -0.251843274 0.25253436 0.016891377 0.997762859 0.0646823868 -0.0646583661 0.251276195 -0.0668515265 0.965603948 0.033519771 0 0 0 1
0.973711133 -5.60651097e-05 -0.227786168 0.228455365 0.0114417179 0.998749673 0.0486637875 -0.0486258008 0.227498591 -0.0499907322 0.972494483 0.0266130902 0 0 0 1
0.979249477 -5.48113421e-05 -0.202658057 0.203304142 0.00724865962 0.999369502 0.0347554497 -0.0347051322 0.202528358 -0.0355032496 0.978632629 0.0204586405 0 0 0 1
0.984069228 -5.35410509e-05 -0.177785203 0.178408131 0.004179121 0.999730647 0.0228310227 -0.0227699094 0.177736059 -0.0232102964 0.983804405 0.0152714085 0 0 0 1
0.988100052 -5.2291045e-05 -0.153812423 0.154412732 0.00204041274 0.999916375 0.0127677955 -0.0126973763 0.153798893 -0.0129296994 0.988017678 0.011044031 0 0 0 1
0.991475642 -5.10387472e-05 -0.130291253 0.13086912 0.00063394045 0.999989986 0.00443236576 -0.00435408251 0.130289689 -0.00447717961 0.991465926 0.00758242467 0 0 0 1
0.994294524 -4.97562396e-05 -0.106669165 0.107224256 -0.000199364309 0.999997258 -0.0023247858 0.00240957784 0.106668986 0.00233278819 0.994291902 0.00474345358 0 0 0 1
0.99660033 -4.84119591e-05 -0.0823866576 0.0829180405 -0.000585009111 0.999970436 -0.00766423857 0.0077542928 0.0823845789 0.00768637983 0.996570945 0.00245163357 0 0 0 1
0.998380959 -4.6971858e-05 -0.0568803325 0.0573865399 -0.000622594438 0.999930799 -0.0117537146 0.0118479142 0.0568769425 0.0117700985 0.998311877 0.000697887153 0 0 0 1
0.999562263 -4.53993744e-05 -0.0295862611 0.0300652031 -0.000391630863 0.999890983 -0.0147654302 0.0148627972 0.0295837 0.0147705534 0.999453247 -0.00045666896 0 0 0 1
0.999999881 -4.36561641e-05 2.86547529e-05 0.000420318713 4.4133405e-05 0.999857664 -0.0168717895 0.0169714969 -2.79141586e-05 0.0168717913 0.999857664 -0.000874676683 0 0 0 1
0.999492228 -4.17397423e-05 0.0318620764 -0.0314457528 0.000621557876 0.999834359 -0.0181880668 0.0182893705 -0.0318560377 0.0181986336 0.999326825 -0.000357474579 0 0 0 1
0.997873843 -3.96870128e-05 0.0651738867 -0.0647922307 0.0012659498 0.999822974 -0.0187740605 0.018876249 -0.0651616007 0.0188166499 0.997697294 0.00125876023 0 0 0 1
0.995068431 -3.75400668e-05 0.0991902724 -0.0988445058 0.00190101727 0.999823511 -0.0186924506 0.0187948383 -0.0991720483 0.0187888294 0.994892955 0.00405075029 0 0 0 1
0.991097331 -3.53468749e-05 0.133138537 -0.13282913 0.00245523523 0.999834836 -0.0180115886 0.0181135368 -0.133115888 0.018178124 0.990933776 0.00799866766 0 0 0 1
0.986082554 -3.31568699e-05 0.166255757 -0.165982336 0.00286693336 0.999854624 -0.0168047231 0.0169056281 -0.166231006 0.0170474909 0.985939503 0.0129831005 0 0 0 1
0.980243027 -3.10255855e-05 0.197796583 -0.197557911 0.00308831967 0.999880493 -0.0151483063 0.0152476262 -0.197772428 0.0154598793 0.980126083 0.0187881142 0 0 0 1
0.973885536 -2.90074349e-05 0.227039531 -0.226833493 0.00308834203 0.999909103 -0.0131196864 0.0132169416 -0.22701849 0.0134782474 0.973797262 0.0251101088 0 0 0 1
0.967390299 -2.71623503e-05 0.253290176 -0.253113747 0.00285440125 0.999937773 -0.0107945781 0.0108893625 -0.253274053 0.0111655612 0.967330158 0.0315718278 0 0 0 1
0.961191773 -2.5546824e-05 0.275880784 -0.275730133 0.00239293673 0.999963224 -0.00824459735 0.00833658129 -0.275870323 0.00858480483 0.961156547 0.0377413705 0 0 0 1
0.955754519 -2.4221823e-05 0.294165194 -0.294035673 0.00172900851 0.999983132 -0.00553527987 0.00562420581 -0.294160098 0.00579898292 0.955738544 0.0431563705 0 0 0 1
0.951544762 -2.32438197e-05 0.307509959 -0.307395875 0.00090501213 0.999995947 -0.00272484217 0.00281053712 -0.307508588 0.00287110941 0.951541066 0.0473519452 0 0 0 1
0.948998511 -2.26702232e-05 0.315280527 -0.315175474 -2.12988089e-05 1 0.000136014642 -5.36491279e-05 -0.315280497 -0.000135792783 0.94899863 0.0498932898 0 0 0 1
0.948483884 -2.25559816e-05 0.316825211 -0.316722006 -0.000979360892 0.999994993 0.00300311996 -0.00292410492 -0.316823661 -0.00315869739 0.948479295 0.050412219 0 0 0 1
0.950208724 -2.29414727e-05 0.311613798 -0.311504513 -0.00188982161 0.999981284 0.00583628286 -0.005760564 -0.311608046 -0.00613458222 0.950190961 0.0487008318 0 0 0 1
0.953904688 -2.37873264e-05 0.300109595 -0.299986929 -0.00267842039 0.999959469 0.00859267544 -0.00852011889 -0.300097615 -0.00900041498 0.953866065 0.0450269394 0 0 0 1
0.959069192 -2.50203393e-05 0.283171654 -0.283029437 -0.00328717963 0.999931693 0.0112216463 -0.011152043 -0.28315255 -0.0116931712 0.959003627 0.0398914628 0 0 0 1
0.965161085 -2.65672334e-05 0.261655986 -0.261489093 -0.00367675093 0.999899924 0.0136638265 -0.0135968886 -0.261630118 -0.0141498391 0.965064526 0.0338339359 0 0 0 1
0.971647978 -2.83506524e-05 0.236432076 -0.236236617 -0.0038280536 0.999867082 0.015851777 -0.0157871358 -0.236401066 -0.0163074229 0.971518755 0.0273842458 0 0 0 1
0.97804451 -3.02985318e-05 0.208395407 -0.208168477 -0.00374293886 0.999836147 0.0177117921 -0.0176490117 -0.208361745 -0.0181029346 0.977884352 0.021024676 0 0 0 1
0.983944833 -3.23362292e-05 0.178472489 -0.178212464 -0.00344365323 0.999810398 0.0191665161 -0.0191050842 -0.17843926 -0.0194733925 0.983758271 0.0151580432 0 0 0 1
0.98903966 -3.43936845e-05 0.147649452 -0.147355765 -0.00297151459 0.999792874 0.020137785 -0.0200771336 -0.147619531 -0.0203558132 0.988834798 0.0100901294 0 0 0 1
0.993125498 -3.63926047e-05 0.117054112 -0.116727397 -0.00238538464 0.99978596 0.0205492284 -0.0204887334 -0.117029794 -0.0206871834 0.992913067 0.00602148194 0 0 0 1
0.996132672 -3.82612161e-05 0.0878616571 -0.0875038803 -0.00175466645 0.999791861 0.0203289352 -0.0202679299 -0.0878441334 -0.020404486 0.995925426 0.00301918504 0 0 0 1
0.998122156 -3.99308738e-05 0.0612547994 -0.0608690307 -0.00115122891 0.999810994 0.0194105711 -0.0193483625 -0.0612439774 -0.0194446389 0.997933388 0.00102104573 0 0 0 1
0.999261916 -4.13398157e-05 0.0384137258 -0.038004186 -0.000640332117 0.999842525 0.017733058 -0.0176689085 -0.0384084061 -0.0177445672 0.999104559 -0.000140942037 0 0 0 1
0.999789536 -4.24282662e-05 0.0205095243 -0.0200815033 -0.00027017406 0.99988389 0.0152388075 -0.0151719451 -0.0205077827 -0.0152411414 0.999673605 -0.000702229037 0 0 0 1
0.999962091 -4.31385342e-05 0.00869975518 -0.00825963076 -6.01427091e-05 0.999929488 0.011871133 -0.0118007436 -0.00869965274 -0.0118712066 0.999891758 -0.000915033452 0 0 0 1
0.999994636 -4.34626163e-05 0.00327743357 -0.00283177104 1.86455291e-05 0.99997139 0.00757176196 -0.00749695394 -0.00327766826 -0.00757165998 0.999966145 -0.0009866209 0 0 0 1
0.999997079 -4.35129405e-05 0.00243346789 -0.00198694505 3.79655285e-05 0.999997437 0.00227963179 -0.00219942303 -0.00243356056 -0.00227953214 0.999994516 -0.00101429911 0 0 0 1
0.999991775 -4.34169815e-05 0.00404217886 -0.00359729677 5.98598926e-05 0.999991775 -0.00406780001 0.00415448239 -0.00404196838 0.00406800862 0.999983668 -0.00100359076 0 0 0 1
0.999982119 -4.33013847e-05 0.00597779639 -0.00553488964 0.000112243157 0.999933481 -0.0115331244 0.0116274301 -0.0059768986 0.0115335872 0.999915719 -0.000935830059 0 0 0 1
0.999981344 -4.32932029e-05 0.00611458952 -0.00567182293 0.000166672806 0.999796331 -0.0201788414 0.0202819631 -0.00611246983 0.0201794803 0.999777734 -0.000797121727 0 0 0 1
0.999997199 -4.35192997e-05 0.00232680701 -0.00188017555 0.000113460585 0.999547839 -0.0300672408 0.0301803946 -0.0023244461 0.0300674215 0.999545157 -0.000561799505 0 0 0 1
0.999971926 -4.41023585e-05 -0.00749060139 0.00794721954 -0.000265000039 0.999148488 -0.0412593707 0.0413837135 0.0074860421 0.0412601978 0.999120533 -0.000131329463 0 0 0 1
0.999707103 -4.50848347e-05 -0.0241974331 0.0246709529 -0.00125993777 0.998544812 -0.0539143309 0.0540510677 0.0241646487 0.0539290234 0.998252332 0.000746157079 0 0 0 1
0.998907983 -4.63898905e-05 -0.0467187949 0.0472148918 -0.00314994459 0.997657061 -0.068340525 0.0684910342 0.0466125049 0.068413049 0.996567607 0.00244395272 0 0 0 1
0.997272909 -4.79301452e-05 -0.0738010556 0.0743239969 -0.00623006048 0.99637568 -0.0848338827 0.0849997029 0.0735376254 0.0850623176 0.993658364 0.00536969444 0 0 0 1
0.994558752 -4.96195134e-05 -0.10417711 0.104729772 -0.0108083608 0.994554102 -0.103659049 0.103841834 0.103614919 0.104221001 0.98914206 0.00990562513 0 0 0 1
0.99063009 -5.13757477e-05 -0.136571959 0.137155831 -0.0171882194 0.992001712 -0.125048652 0.125250146 0.135486007 0.126224384 0.98270607 0.0163643416 0 0 0 1
0.985493422 -5.31318874e-05 -0.169713154 0.170328483 -0.0256418604 0.988473415 -0.149207085 0.149429083 0.167764843 0.151394367 0.974132895 0.0249628518 0 0 0 1
0.979314327 -5.4799435e-05 -0.202344567 0.202990368 -0.0363649763 0.983670473 -0.176266909 0.176511258 0.199050009 0.179978982 0.963320673 0.0358024277 0 0 0 1
0.972419202 -5.63307913e-05 -0.23323983 0.233914033 -0.0491510704 0.977494419 -0.205155835 0.205423385 0.228002176 0.210961461 0.950531542 0.0486200415 0 0 0 1
0.965281248 -5.76865095e-05 -0.261212528 0.261912018 -0.0631854534 0.970251262 -0.233708993 0.233998716 0.253455251 0.242099747 0.936561882 0.0626179725 0 0 0 1
0.958491921 -5.88140792e-05 -0.285119414 0.285840183 -0.0772574693 0.962535501 -0.259916693 0.26022613 0.274452806 0.271155655 0.922578096 0.0766278505 0 0 0 1
0.952718258 -5.96720383e-05 -0.303854793 0.304592073 -0.0898761973 0.955198705 -0.281989008 0.282314718 0.290258467 0.295965403 0.910029888 0.0891979486 0 0 0 1
0.948647618 -6.02384353e-05 -0.316334635 0.317082793 -0.0994128063 0.949278593 -0.2983073 0.298644841 0.300307602 0.314436227 0.900524974 0.0987186134 0 0 0 1
0.946919739 -6.04560701e-05 -0.321470052 0.32222265 -0.104267687 0.945880592 -0.307308108 0.307652295 0.304090828 0.324514985 0.895666778 0.103584349 0 0 0 1
0.947999954 -6.03313238e-05 -0.318270117 0.319019973 -0.103172965 0.94594121 -0.307490557 0.307835519 0.301083356 0.324337959 0.896746218 0.102502383 0 0 0 1
0.951625407 -5.98359802e-05 -0.307260603 0.308000803 -0.0965459421 0.949293554 -0.299200088 0.299539804 0.291698337 0.314391196 0.903366208 0.095870629 0 0 0 1
0.957044244 -5.90380732e-05 -0.289941907 0.290666968 -0.0859580785 0.95498538 -0.283926129 0.284255475 0.276907057 0.296652675 0.913958371 0.0852596015 0 0 0 1
0.963466167 -5.80118394e-05 -0.267829895 0.268535286 -0.0730939209 0.961982131 -0.263149589 0.263464183 0.257662773 0.273112535 0.926833034 0.0723612607 0 0 0 1
0.970158935 -5.67827665e-05 -0.242469534 0.243152097 -0.0595453046 0.969320834 -0.23847723 0.238773391 0.235044301 0.245798752 0.940392017 0.0587759577 0 0 0 1
0.976514399 -5.54563121e-05 -0.215451658 0.216109529 -0.0466579087 0.976215124 -0.211723909 0.211999133 0.210338891 0.216803968 0.953285694 0.0458556972 0 0 0 1
0.982089579 -5.40910114e-05 -0.188414484 0.189047351 -0.0354239643 0.982113957 -0.184925422 0.185178906 0.185054481 0.188287705 0.964522004 0.0345942825 0 0 0 1
0.986657739 -5.27625743e-05 -0.162807643 0.163416475 -0.0263487473 0.986765325 -0.160000265 0.160232812 0.16066137 0.162155271 0.973598361 0.025495531 0 0 0 1
0.990350544 -5.14873427e-05 -0.138583988 0.139169782 -0.0191147756 0.990391374 -0.136966228 0.137178838 0.137259394 0.138293594 0.980833828 0.0182403252 0 0 0 1
0.993357718 -5.02155053e-05 -0.115066998 0.115630209 -0.0132681709 0.993279636 -0.114975818 0.115168914 0.114299461 0.115738839 0.986681461 0.0123745129 0 0 0 1
0.995798945 -4.89236663e-05 -0.0915655568 0.0921059325 -0.00851342548 0.995618701 -0.0931176692 0.0932908431 0.0911689177 0.0935060158 0.991435707 0.00760310516 0 0 0 1
0.997727275 -4.75682718e-05 -0.0673805773 0.0678971857 -0.00470959628 0.99750483 -0.0704408213 0.0705927685 0.0672157928 0.0705980659 0.995237589 0.00378464325 0 0 0 1
0.999125481 -4.61076088e-05 -0.0418088064 0.0422999971 -0.00187765551 0.998940885 -0.045972921 0.0461013243 0.0417666398 0.0460112244 0.998067439 0.00093860121 0 0 0 1
0.999899864 -4.44953876e-05 -0.0141469892 0.0146103548 -0.000220634203 0.999824464 -0.0187389478 0.018840434 0.014145337 0.0187401921 0.999724448 -0.000734745059 0 0 0 1
0.999870956 -4.26966617e-05 0.0160588268 -0.0156262349 -0.000148265783 0.999929309 0.0118900556 -0.0118197221 -0.0160581972 -0.0118909022 0.999800503 -0.000826884527 0 0 0 1
0.998834014 -4.07345651e-05 0.0482761525 -0.0478768349 -0.00214375858 0.998975754 0.0451973081 -0.0451618768 -0.0482285395 -0.0452480987 0.997811019 0.00114739477 0 0 0 1
0.996655405 -3.86490865e-05 0.0817186236 -0.0813543499 -0.00652841059 0.996766031 0.0800931379 -0.0800953954 -0.0814574361 -0.0803587437 0.993432105 0.00551293464 0 0 0 1
0.993296206 -3.64862644e-05 0.115596384 -0.115268134 -0.0134013016 0.993220806 0.115468182 -0.11550986 -0.114816934 -0.116243251 0.986562073 0.0123719266 0 0 0 1
0.988818407 -3.42930252e-05 0.149124309 -0.148832232 -0.0226223487 0.988391817 0.150232345 -0.150313959 -0.147398397 -0.151926056 0.977339327 0.0215864871 0 0 0 1
0.983385205 -3.21304033e-05 0.18153058 -0.181273907 -0.033814922 0.98246485 0.183355719 -0.183476552 -0.178353295 -0.18644774 0.966140568 0.0327800512 0 0 0 1
0.977255642 -3.00482589e-05 0.212064087 -0.211841285 -0.0463869907 0.975752711 0.213903621 -0.214061797 -0.206928521 -0.218875542 0.953558624 0.0453591757 0 0 0 1
0.970772922 -2.81043631e-05 0.239999712 -0.239808261 -0.0595681891 0.968680322 0.241060376 -0.241252705 -0.232489735 -0.248311237 0.940367043 0.0585503429 0 0 0 1
0.964347243 -2.63481961e-05 0.264639914 -0.264476448 -0.0724585354 0.961760223 0.264134556 -0.264356792 -0.254527092 -0.273892879 0.927468956 0.071449481 0 0 0 1
0.958434343 -2.48763445e-05 0.285312742 -0.285172969 -0.0840850174 0.955561638 0.282545209 -0.282791883 -0.272640914 -0.294791579 0.915841162 0.0830793381 0 0 0 1
0.953509033 -2.36964843e-05 0.301364303 -0.301243097 -0.0934616104 0.950671494 0.29578498 -0.296049774 -0.286505401 -0.310199648 0.906471729 0.0924508572 0 0 0 1
0.950033545 -2.28916251e-05 0.312147737 -0.312039077 -0.0996523201 0.947649181 0.30336526 -0.303640813 -0.295813411 -0.319313407 0.900296271 0.0986275822 0 0 0 1
0.948422849 -2.25316726e-05 0.317008018 -0.316905051 -0.10183765 0.946974039 0.30474472 -0.305022717 -0.300205171 -0.321310192 0.898129523 0.100794375 0 0 0 1
0.949000597 -2.26621523e-05 0.315274179 -0.315169156 -0.0993975624 0.948979378 0.299262911 -0.299534023 -0.299195468 -0.315338194 0.90057981 0.0983426049 0 0 0 1
0.95176053 -2.32859966e-05 0.306841522 -0.306726664 -0.0924740806 0.953484058 0.286908418 -0.287163526 -0.292575151 -0.301443011 0.907486558 0.0914328918 0 0 0 1
0.956262469 -2.43514642e-05 0.292509645 -0.292378187 -0.0822082758 0.959672272 0.268832386 -0.26906392 -0.280719906 -0.281121105 0.917696714 0.081219323 0 0 0 1
0.96197319 -2.57436968e-05 0.27314347 -0.27298978 -0.0699024424 0.966675222 0.246277794 -0.246480256 -0.264047384 -0.256006032 0.929913998 0.068999216 0 0 0 1
0.968345523 -2.74259819e-05 0.24961336 -0.249432802 -0.0568294078 0.973714113 0.220570013 -0.220739841 -0.243058071 -0.227773368 0.942890286 0.0560214072 0 0 0 1
0.974861741 -2.93108151e-05 0.222810283 -0.222599506 -0.0441228375 0.980170786 0.193179622 -0.193315297 -0.218397751 -0.198154435 0.955529869 0.0433825217 0 0 0 1
0.981069684 -3.13063392e-05 0.193655074 -0.193411842 -0.0326845162 0.985627413 0.16574131 -0.165843487 -0.190876931 -0.168933287 0.966968119 0.0319472775 0 0 0 1
0.986608863 -3.33681128e-05 0.163103819 -0.16282697 -0.0231105406 0.989882112 0.139997333 -0.140068606 -0.161458209 -0.141892031 0.9766258 0.0222952757 0 0 0 1
0.991220534 -3.54102303e-05 0.132218167 -0.131907761 -0.0155498544 0.993028879 0.116841003 -0.116885044 -0.131300554 -0.117871188 0.984310269 0.0146185327 0 0 0 1
0.994767964 -3.73495168e-05 0.102159314 -0.101816721 -0.009846217 0.995309353 0.0962406471 -0.0962609723 -0.101683706 -0.0967429951 0.990101576 0.00883625541 0 0 0 1
0.997250378 -3.91276408e-05 0.0741049871 -0.0737326965 -0.00576525694 0.996927977 0.0781109855 -0.0781108737 -0.0738803819 -0.0783234537 0.99418664 0.0047611054 0 0 0 1
0.998787165 -4.06753097e-05 0.0492347963 -0.0488364846 -0.00303259026 0.998050094 0.0623442903 -0.0623267964 -0.0491413288 -0.062417984 0.996839643 0.00211789506 0 0 0 1
0.999587297 -4.19307435e-05 0.0287219863 -0.0283024199 -0.00136047928 0.998807371 0.0488057807 -0.0487736873 -0.0286897719 -0.0488247201 0.998395264 0.00057093025 0 0 0 1
0.999905646 -4.28368039e-05 0.0137291299 -0.0132941529 -0.00046979959 0.999302804 0.0373339243 -0.0372897089 -0.013721155 -0.0373368524 0.99920851 -0.000235506013 0 0 0 1
0.999986172 -4.33450296e-05 0.00524709094 -0.00480343867 -0.000102249112 0.999615014 0.0277441517 -0.0276899748 -0.00524627278 -0.0277443044 0.999601305 -0.000624055276 0 0 0 1
0.999997199 -4.35158763e-05 0.00238409801 -0.00193752488 -3.78152617e-06 0.999803305 0.0198351089 -0.0197728127 -0.00238449196 -0.0198350586 0.999800503 -0.000821514172 0 0 0 1
0.999995291 -4.347703e-05 0.00303568784 -0.00258977921 2.80727181e-06 0.999910295 0.0133959353 -0.0133270705 -0.00303599774 -0.0133958645 0.999905705 -0.000926571141 0 0 0 1
0.999987125 -4.33552159e-05 0.00507687218 -0.00463304576 1.6580816e-06 0.999966264 0.00821286999 -0.00813872274 -0.00507705659 -0.00821275637 0.999953508 -0.000974869181 0 0 0 1
0.999979615 -4.32771812e-05 0.00638265908 -0.0059401663 1.72898162e-05 0.999991775 0.00407155696 -0.00399318244 -0.00638278155 -0.00407136325 0.99997139 -0.000993061112 0 0 0 1
0.999988258 -4.33700625e-05 0.00482810056 -0.00438402081 3.97141412e-05 0.999999762 0.000757311354 -0.000675551244 -0.00482813176 -0.000757110829 0.999988079 -0.00100882468 0 0 0 1
0.99999851 -4.37596755e-05 -0.00171185203 0.00216259737 4.0430532e-05 0.999998152 -0.00194474775 0.00202926015 0.00171193352 0.00194467546 0.999996662 -0.00101424882 0 0 0 1
0.999886811 -4.45477963e-05 -0.0150381178 0.015502383 -1.90607243e-05 0.999991059 -0.00422965037 0.0043164622 0.0150381681 0.00422945851 0.999878049 -0.000889284536 0 0 0 1
0.999394417 -4.57020506e-05 -0.0347959772 0.0352801457 -0.000168835773 0.999981046 -0.00616262946 0.00625134259 0.0347955935 0.00616477244 0.999375522 -0.000377267075 0 0 0 1
0.998213768 -4.71348503e-05 -0.0597424023 0.0602514558 -0.000416908064 0.999969959 -0.00775490887 0.00784513168 0.0597409643 0.00776596321 0.998183668 0.000827039825 0 0 0 1
0.996065617 -4.87593497e-05 -0.0886179134 0.0891554132 -0.000753270288 0.999959111 -0.009016959 0.00910831522 0.0886147171 0.00904823653 0.996024847 0.00300122239 0 0 0 1
0.992755532 -5.04914897e-05 -0.120151609 0.120719731 -0.00115461228 0.999949694 -0.00996022299 0.0100523587 0.120146051 0.0100267967 0.992705643 0.00633805851 0 0 0 1
0.988215387 -5.22514893e-05 -0.153069243 0.153668866 -0.00158878765 0.99994266 -0.0105985608 0.010691152 0.153060988 0.0107168546 0.988158643 0.0109044639 0 0 0 1
0.98252964 -5.39696994e-05 -0.186105967 0.186736688 -0.00201901305 0.999938011 -0.0109491749 0.0110419281 0.186095014 0.0111336391 0.982468724 0.0166151468 0 0 0 1
0.975944221 -5.55812803e-05 -0.218019992 0.218680203 -0.00240772194 0.999936223 -0.0110328449 0.0111255087 0.21800667 0.0112923728 0.975882053 0.0232228842 0 0 0 1
0.968861043 -5.70325137e-05 -0.247604892 0.248292074 -0.00271997321 0.999937236 -0.0108733959 0.010965758 0.247589886 0.0112082874 0.968800128 0.030325247 0 0 0 1
0.961815894 -5.82770408e-05 -0.27369687 0.274407506 -0.00292632263 0.999940693 -0.0104964953 0.0105883824 0.273681223 0.0108966231 0.961758733 0.0373854712 0 0 0 1
0.955443501 -5.92766482e-05 -0.295173824 0.295903474 -0.00300509203 0.999946237 -0.00992794801 0.0100192195 0.295158505 0.0103726182 0.955392063 0.0437682904 0 0 0 1
0.950428009 -5.99967607e-05 -0.310944498 0.311687976 -0.00294406572 0.999953389 -0.0091917254 0.00928227603 0.31093058 0.00965151656 0.950383663 0.0487887785 0 0 0 1
0.947441995 -6.04008928e-05 -0.319927245 0.320678502 -0.00274167536 0.999961793 -0.00830806978 0.00839781109 0.319915444 0.00874855183 0.947405756 0.0517737158 0 0 0 1
0.947071731 -6.04497109e-05 -0.321022123 0.321774334 -0.00240786769 0.999970555 -0.00729193306 0.00738079008 0.321013033 0.00767896092 0.947043657 0.0521365143 0 0 0 1
0.949491739 -6.01249849e-05 -0.313791931 0.314537883 -0.00196935819 0.999979138 -0.00615061587 0.00623850804 0.313785762 0.00645792671 0.949471891 0.0497024469 0 0 0 1
0.954097092 -5.94755984e-05 -0.299497038 0.300230503 -0.00147084356 0.999987125 -0.00488419784 0.00497102458 0.299493432 0.00510051288 0.954084754 0.0450783893 0 0 0 1
0.960105181 -5.85562811e-05 -0.279638886 0.280354828 -0.00095656456 0.999993384 -0.0034936436 0.00357928569 0.279637277 0.00362175843 0.960098922 0.0390490629 0 0 0 1
0.966747165 -5.74237056e-05 -0.255733967 0.25642851 -0.000465342309 0.999997973 -0.00198367145 0.00206799619 0.25573352 0.00203671237 0.966745257 0.0323851593 0 0 0 1
0.973346829 -5.61412089e-05 -0.229337752 0.230008334 -2.80140703e-05 1 -0.000363693398 0.000446564809 0.229337722 0.000360424514 0.973347008 0.0257647429 0 0 0 1
0.979374349 -5.4780794e-05 -0.20205377 0.202699304 0.000334919256 0.999999046 0.00135226722 -0.00127098046 0.202053472 -0.00139204762 0.979373574 0.0197195858 0 0 0 1
0.984476626 -5.34243845e-05 -0.175515413 0.176136211 0.000615232799 0.999994874 0.0031464952 -0.0030669109 0.175514325 -0.00320563396 0.984471738 0.0146040991 0 0 0 1
0.988606036 -5.21174843e-05 -0.150526002 0.151123196 0.000813968945 0.999987245 0.00499965297 -0.00492186658 0.150523812 -0.00506521063 0.988593578 0.0104668271 0 0 0 1
0.991959631 -5.08375742e-05 -0.126554102 0.127128392 0.000930684211 0.99997586 0.00689321849 -0.00681731058 0.126550674 -0.00695557706 0.991935849 0.0071101319 0 0 0 1
0.994687438 -4.95514651e-05 -0.102939464 0.103490926 0.000961487531 0.999960721 0.00880935695 -0.00873538759 0.102934964 -0.00886153337 0.994648635 0.00438380893 0 0 0 1
0.996873617 -4.82229298e-05 -0.0790118203 0.0795398876 0.000898859522 0.999942005 0.0107304128 -0.0106584271 0.0790067092 -0.0107678864 0.996816099 0.00220330385 0 0 0 1
0.998535752 -4.68128565e-05 -0.0540948473 0.0545982905 0.000731550856 0.999919891 0.0126383696 -0.0125684068 0.054089915 -0.012659437 0.998455882 0.000550409779 0 0 0 1
0.999621391 -4.52784079e-05 -0.0275103692 0.0279872231 0.000444734498 0.9998945 0.0145142581 -0.0144463377 0.0275068097 -0.0145210009 0.999516129 -0.00052301056 0 0 0 1
0.999999046 -4.35752409e-05 0.00138790603 -0.000940317404 2.09143491e-05 0.999866784 0.0163232312 -0.0162573438 -0.00138843234 -0.0163231846 0.99986589 -0.000886236783 0 0 0 1
0.999469697 -4.16972325e-05 0.0325592197 -0.0321436189 -0.00053494086 0.99984318 0.0177015327 -0.0176373012 -0.0325548463 -0.0177095626 0.999313116 -0.000347008783 0 0 0 1
0.997867405 -3.96806281e-05 0.065273039 -0.0648914725 -0.0011351112 0.999837995 0.0179609377 -0.0178972427 -0.0652631596 -0.0179967266 0.997705758 0.001247223 0 0 0 1
0.995110989 -3.75674936e-05 0.0987627804 -0.0984165519 -0.00159092387 0.999864101 0.0164101161 -0.016345039 -0.098749958 -0.0164870098 0.994975805 0.00396514824 0 0 0 1
0.991214633 -3.54039075e-05 0.132262588 -0.131952226 -0.00161588541 0.999922216 0.0123775806 -0.0123084048 -0.132252708 -0.0124825602 0.991137505 0.00779264187 0 0 0 1
0.986290812 -3.32400559e-05 0.165015519 -0.164740756 -0.000839365588 0.999985993 0.00521828746 -0.00514146732 -0.165013358 -0.0052852584 0.986277163 0.0126437107 0 0 0 1
0.980547547 -3.11287331e-05 0.196281403 -0.196041048 0.00116950599 0.999983191 -0.00568382116 0.00577264698 -0.196277887 0.0058028088 0.980531156 0.0183824506 0 0 0 1
0.974279404 -2.91252472e-05 0.225342855 -0.225134924 0.0048518423 0.999770999 -0.0208479296 0.0209538378 -0.225290626 0.0214050412 0.974056542 0.0248520039 0 0 0 1
0.967854917 -2.72859434e-05 0.251508892 -0.251330435 0.0104125412 0.999147058 -0.0399610847 0.0400888994 -0.251293212 0.0412953831 0.96702987 0.031875886 0 0 0 1
0.961697042 -2.56762796e-05 0.274114221 -0.273961604 0.0177585073 0.997905016 -0.0622101501 0.0623638295 -0.273538351 0.0646951795 0.959682941 0.0392221175 0 0 0 1
0.956260622 -2.43444665e-05 0.292515635 -0.292384207 0.0265860539 0.995868444 -0.0868294165 0.0870119631 -0.291304916 0.0908083841 0.952310503 0.0465962663 0 0 0 1
0.95200485 -2.33490027e-05 0.306082547 -0.305966824 0.0363946557 0.992914319 -0.113122128 0.113335617 -0.30391109 0.118832588 0.945260227 0.0536503196 0 0 0 1
0.94936192 -2.27525179e-05 0.314184725 -0.31407845 0.0465091988 0.988992751 -0.140463755 0.140709326 -0.310723186 0.147963405 0.938913167 0.0600032061 0 0 0 1
0.948700428 -2.26120846e-05 0.316176295 -0.316072375 0.0561110601 0.984138727 -0.168293297 0.168571115 -0.311157465 0.177400902 0.93365407 0.0652698427 0 0 0 1
0.950235903 -2.2958915e-05 0.311530977 -0.311421633 0.0643003285 0.978481948 -0.196057662 0.196366981 -0.304822892 0.206332564 0.929790199 0.0691429079 0 0 0 1
0.953721285 -2.37336153e-05 0.300691992 -0.300569981 0.070326589 0.972282529 -0.222981989 0.223320886 -0.2923522 0.233809307 0.927288294 0.0716553032 0 0 0 1
0.958679736 -2.49230543e-05 0.284487337 -0.28434661 0.0736615881 0.965918541 -0.248143941 0.248509467 -0.27478537 0.258846372 0.926008463 0.0729463771 0 0 0 1
0.964593589 -2.64144146e-05 0.26374051 -0.263576031 0.0740011558 0.959856749 -0.270552635 0.270940691 -0.253145963 0.280490488 0.925873756 0.0730926767 0 0 0 1
0.970948935 -2.81468983e-05 0.239286408 -0.239094138 0.0712893233 0.954623401 -0.28915742 0.289562732 -0.228420213 0.297815681 0.926892698 0.0720852986 0 0 0 1
0.977273226 -3.00549509e-05 0.211983189 -0.211760312 0.0657242164 0.950764954 -0.302863419 0.303279907 -0.201537073 0.309912771 0.929159164 0.0698294863 0 0 0 1
0.983165205 -3.20508771e-05 0.182718351 -0.18246302 0.0577455051 0.948801756 -0.310548872 0.310969412 -0.173353508 0.315872073 0.932830811 0.0661672577 0 0 0 1
0.988316953 -3.4077726e-05 0.15241228 -0.152123749 0.0480483174 0.949077547 -0.311357051 0.311774015 -0.144640416 0.315042585 0.937991083 0.0610146113 0 0 0 1
0.992526948 -3.60682316e-05 0.122024946 -0.121703595 0.0376005098 0.95143199 -0.305553973 0.305960596 -0.116087422 0.307858825 0.944323421 0.0546880849 0 0 0 1
0.995709181 -3.7964237e-05 0.092537649 -0.0921848118 0.0273347422 0.955497205 -0.293731123 0.294121385 -0.0884082839 0.295000255 0.951398373 0.047617279 0 0 0 1
0.997889042 -3.96996875e-05 0.0649398491 -0.0645579323 0.018034704 0.960833073 -0.276540399 0.276909411 -0.0623853728 0.277127802 0.95880568 0.0402126648 0 0 0 1
0.999190629 -4.12299451e-05 0.0402209312 -0.0398132578 0.0102921613 0.966967344 -0.254692405 0.255036265 -0.0388818234 0.254900277 0.966185272 0.0328342095 0 0 0 1
0.999812484 -4.24973477e-05 0.0193634685 -0.0189342685 0.00447537703 0.973429084 -0.228945091 0.229260609 -0.0188392308 0.228988811 0.973246813 0.0257723294 0 0 0 1
0.999994457 -4.34588328e-05 0.00333866035 -0.00289306021 0.000710598833 0.97977829 -0.200084716 0.200369671 -0.00326245092 0.200085968 0.979773045 0.0192441251 0 0 0 1
0.999972761 -4.40957665e-05 -0.0073775514 0.00783405546 -0.00120269111 0.985631287 -0.168907121 0.169159934 0.00727899186 0.168911368 0.985604525 0.0134089291 0 0 0 1
0.999908745 -4.44578582e-05 -0.0135059599 0.0139686763 -0.00179563137 0.990679741 -0.136199966 0.136419594 0.0133861341 0.136211783 0.99058938 0.00841899402 0 0 0 1
0.999872804 -4.46013437e-05 -0.0159482341 0.0164134204 -0.00159444951 0.994706392 -0.102745704 0.102931708 0.0158683881 0.102758057 0.994579911 0.00442275824 0 0 0 1
0.999878109 -4.45812548e-05 -0.0156059256 0.0160707701 -0.00103762513 0.997593164 -0.0693308935 0.0694833547 0.0155714536 0.0693386421 0.99747169 0.00152509869 0 0 0 1
0.999910474 -4.44501457e-05 -0.0133802416 0.0138428314 -0.00044732861 0.999324441 -0.0367488749 0.0368685573 0.0133728338 0.0367515683 0.999235034 -0.000243716539 0 0 0 1
0.999948263 -4.42609235e-05 -0.0101722972 0.0106316386 -1.46999482e-05 0.999983191 -0.005796073 0.00588448206 0.010172382 0.00579592213 0.999931455 -0.000944904925 0 0 0 1
0.999976277 -4.40661242e-05 -0.00687755598 0.0073335534 0.000200488605 0.999741316 0.0227448791 -0.0226854663 0.00687477412 -0.0227457192 0.999717653 -0.000734697445 0 0 0 1
0.999991715 -4.38981988e-05 -0.00404531462 0.00449843379 0.000240847556 0.99881345 0.0486981869 -0.0486652665 0.00403837627 -0.048698768 0.998805404 0.000175113586 0 0 0 1
0.999998569 -4.37582639e-05 -0.00168816792 0.00213888939 0.000166578335 0.997344851 0.0728221536 -0.0728139579 0.00168049894 -0.0728223324 0.997343481 0.00163537753 0 0 0 1
0.99999994 -4.36443333e-05 0.000227479613 0.000221291382 2.16145309e-05 0.995385349 0.0959576368 -0.0959732309 -0.000230617909 -0.0959576219 0.995385468 0.00359272165 0 0 0 1
0.99999851 -4.35545771e-05 0.00173523836 -0.00128800364 -0.000163149132 0.992901087 0.118942894 -0.118982174 -0.00172810047 -0.118942991 0.992899656 0.00607846864 0 0 0 1
0.999995828 -4.34869544e-05 0.00286872592 -0.00242264685 -0.000366065331 0.989778996 0.142609105 -0.142672837 -0.00284560584 -0.142609552 0.989774942 0.00920393877 0 0 0 1
0.999993265 -4.34397043e-05 0.00366156362 -0.00321629271 -0.000571499113 0.985825062 0.167775169 -0.167864949 -0.00361694908 -0.167776108 0.985818684 0.013161893 0 0 0 1
0.999991357 -4.34105823e-05 0.00414737128 -0.00370259699 -0.00076692825 0.980766535 0.195183307 -0.195301548 -0.00407607481 -0.195184782 0.980758071 0.0182250701 0 0 0 1
0.999990404 -4.33981295e-05 0.00435977057 -0.00391521258 -0.000935340417 0.974533975 0.224237621 -0.224386021 -0.00425847573 -0.224239573 0.974524796 0.024462251 0 0 0 1
0.999990642 -4.33998066e-05 0.00433238409 -0.00388779817 -0.00105430081 0.967454553 0.253042758 -0.253221095 -0.00420236634 -0.253044933 0.967445552 0.0315463655 0 0 0 1
0.999991536 -4.34135763e-05 0.00409882748 -0.00365400291 -0.00110475812 0.960087717 0.279697061 -0.279903173 -0.00394737581 -0.279699206 0.96007961 0.0389177166 0 0 0 1
0.999993145 -4.34376998e-05 0.00369272172 -0.0032474834 -0.00107513624 0.953193009 0.302360594 -0.30259043 -0.00353301014 -0.302362531 0.953186452 0.0458161309 0 0 0 1
0.999994993 -4.34703325e-05 0.00314768613 -0.00270189135 -0.000963705417 0.947670281 0.319249213 -0.319496661 -0.00299684634 -0.319250673 0.947665691 0.0513414629 0 0 0 1
0.999996841 -4.35090769e-05 0.00249733892 -0.00205088104 -0.000779554772 0.944466114 0.328607976 -0.328865081 -0.00237294892 -0.328608841 0.944463193 0.0545466952 0 0 0 1
0.999998391 -4.35521688e-05 0.0017752992 -0.00132810522 -0.000542628812 0.944391608 0.328822553 -0.329079777 -0.00169089821 -0.32882297 0.944390059 0.0546201877 0 0 0 1
0.999999464 -4.35974653e-05 0.00101518724 -0.000567218696 -0.000283608475 0.947399974 0.320051908 -0.320299804 -0.000975741714 -0.320052028 0.947399557 0.0516087078 0 0 0 1
0.99999994 -4.36429582e-05 0.000250623183 0.000198124239 -3.44984874e-05 0.952808917 0.303570867 -0.303801447 -0.000252044731 -0.303570867 0.952808917 0.046195522 0 0 0 1
0.999999881 -4.36867231e-05 -0.000484772812 0.000934269221 0.000177979586 0.959811985 0.280644 -0.280850559 0.000453030196 -0.280644029 0.959811866 0.0391876176 0 0 0 1
0.999999225 -4.37267227e-05 -0.00115738064 0.00160756195 0.000334602431 0.96758461 0.252546966 -0.25272423 0.00110882043 -0.252547175 0.967583895 0.0314102136 0 0 0 1
0.99999845 -4.3761007e-05 -0.00173358014 0.00218434772 0.000425103441 0.975365281 0.220595464 -0.220739469 0.00168122037 -0.220595852 0.975363851 0.0236252397 0 0 0 1
0.999997616 -4.3787506e-05 -0.00217975257 0.0026309744 0.000448804261 0.982519507 0.186159283 -0.186267614 0.00213349774 -0.186159804 0.982517183 0.0164676774 0 0 0 1
0.999996901 -4.38042953e-05 -0.00246227742 0.0029137868 0.000414278824 0.988585114 0.15066269 -0.150734395 0.00242757122 -0.150663242 0.988582134 0.0103995958 0 0 0 1
0.999996722 -4.38093302e-05 -0.00254753628 0.00299913227 0.000337944948 0.993298948 0.115573682 -0.115609288 0.0025254013 -0.115574159 0.993295729 0.00568415783 0 0 0 1
0.999997079 -4.38006391e-05 -0.00240190909 0.00285335677 0.00024153768 0.996600389 0.0823866576 -0.0823882148 0.00239013485 -0.0823870003 0.996597707 0.002381586 0 0 0 1
0.999997914 -4.37762938e-05 -0.00199177559 0.00244280579 0.000148490988 0.998615384 0.0526038334 -0.0525749363 0.00198671478 -0.0526040159 0.998613596 0.000365947752 0 0 0 1
0.999999166 -4.37342132e-05 -0.00128351548 0.00173382519 7.92960491e-05 0.999615788 0.0277196337 -0.0276653469 0.00128180988 -0.0277197119 0.999614954 -0.000634811528 0 0 0 1
0.99999994 -4.36723603e-05 -0.000243509188 0.000692759932 4.59136972e-05 0.999957561 0.00921192765 -0.00913877971 0.000243096467 -0.0092119379 0.999957561 -0.000976684503 0 0 0 1
0.999999225 -4.35887014e-05 0.00116186286 -0.00071404397 4.52832282e-05 0.999998927 -0.0014584657 0.00154248497 -0.00116179802 0.00145851716 0.999998212 -0.00101717701 0 0 0 1
