0.999996126 -1.49493223e-06 -0.00279298169 0.00244222628 4.91419542e-06 0.999999225 0.00122422772 -0.000972766255 0.00279297773 -0.0012242368 0.999995351 -0.000658326899 0 0 0 1
0.999996722 -1.31573699e-06 0.00259539811 -0.00294971932 1.93888191e-05 0.999975801 -0.00696349749 0.00722036604 -0.00259532593 0.00696352404 0.999972343 -0.000631413539 0 0 0 1
0.999977171 -1.17720879e-06 0.006759407 -0.00711647654 0.000140152377 0.999788523 -0.0205598194 0.0208255965 -0.00675795414 0.0205602981 0.999765813 -0.000419749704 0 0 0 1
0.999952078 -1.07619644e-06 0.00979638658 -0.0101554561 0.000380889542 0.999248147 -0.0387689769 0.0390465818 -0.00978897884 0.0387708507 0.999200165 0.000151892382 0 0 0 1
0.999930382 -1.00943384e-06 0.0118037341 -0.0121641252 0.00071858993 0.998150349 -0.0607885942 0.0610803664 -0.0117818406 0.060792841 0.998080969 0.00127816852 0 0 0 1
0.99991709 -9.73569172e-07 0.0128788501 -0.013239949 0.00110617746 0.996311069 -0.0858085752 0.086116299 -0.0128312567 0.0858157054 0.996228456 0.00313852448 0 0 0 1
0.999913931 -9.65281629e-07 0.0131191164 -0.0134803727 0.00148370757 0.993592501 -0.113012232 0.113337144 -0.0130349454 0.113021985 0.993507028 0.00586870918 0 0 0 1
0.999920428 -9.82156735e-07 0.0126218861 -0.0129828164 0.00178811781 0.989925206 -0.141579702 0.141922519 -0.0124945845 0.141591012 0.989846289 0.00953874551 0 0 0 1
0.999934137 -1.01993021e-06 0.0114844972 -0.0118446779 0.00196146592 0.985322237 -0.170693725 0.171054542 -0.0113157555 0.170704976 0.985257328 0.0141378334 0 0 0 1
0.999952018 -1.07571907e-06 0.00980427116 -0.0101633454 0.00195754925 0.979886532 -0.199545816 0.19992435 -0.00960685778 0.199555412 0.979839504 0.0195659008 0 0 0 1
0.999970615 -1.14693626e-06 0.0076785339 -0.00803620927 0.00174683495 0.973813057 -0.227343798 0.227739289 -0.00747719454 0.227350488 0.973784268 0.0256313607 0 0 0 1
0.999986529 -1.22902338e-06 0.00520462776 -0.00556067098 0.00131962693 0.967382431 -0.253316909 0.253728122 -0.00503455382 0.253320336 0.967369318 0.0320562385 0 0 0 1
0.99999696 -1.31946842e-06 0.00247990387 -0.00283414847 0.000687507447 0.960950553 -0.276719362 0.277144641 -0.0023826994 0.276720226 0.960947573 0.0384872109 0 0 0 1
0.99999994 -1.41531416e-06 -0.000398271251 4.59298099e-05 -0.00011686737 0.954930305 -0.296830058 0.297267437 0.000380741374 0.296830088 0.954930186 0.0445126221 0 0 0 1
0.999994516 -1.51284496e-06 -0.00333252037 0.00298212282 -0.00104147522 0.949769676 -0.312948197 0.313395262 0.00316560012 0.312949955 0.949764311 0.0496850647 0 0 0 1
0.999980688 -1.60946468e-06 -0.0062254658 0.00587698724 -0.00201796275 0.94592309 -0.32438466 0.324838609 0.00588933425 0.324390918 0.945904791 0.0535490513 0 0 0 1
0.999959767 -1.70101328e-06 -0.0089797359 0.00863308553 -0.00296585285 0.943819404 -0.33044827 0.330906093 0.00847581122 0.330461621 0.943781376 0.0556744747 0 0 0 1
0.999933958 -1.78380355e-06 -0.0114979679 0.0111529948 -0.00379802822 0.943817139 -0.330446303 0.330904424 0.0108525688 0.330468118 0.943754673 0.0557002947 0 0 0 1
0.99990648 -1.85702936e-06 -0.0136828236 0.0133393053 -0.00443632761 0.945935667 -0.324324071 0.324778914 0.0129436729 0.32435444 0.945847094 0.0536042862 0 0 0 1
0.99988091 -1.91522872e-06 -0.0154369688 0.0150946211 -0.00482886331 0.949776411 -0.312892169 0.313340545 0.0146622676 0.312929422 0.949663103 0.0497822315 0 0 0 1
0.999861181 -1.95550774e-06 -0.0166630968 0.0163215697 -0.0049478882 0.954862237 -0.29700771 0.297446907 0.0159115437 0.297048956 0.954729557 0.0447079614 0 0 0 1
0.999851048 -1.97582176e-06 -0.0172639024 0.0169227738 -0.00479005743 0.96070528 -0.277529478 0.277957171 0.016586069 0.277570784 0.960561991 0.0388665572 0 0 0 1
0.999853075 -1.97228792e-06 -0.0171420518 0.0168008395 -0.00437563239 0.966843784 -0.25533095 0.255745351 0.0165741909 0.255368441 0.966701806 0.0327171944 0 0 0 1
0.999868751 -1.94114364e-06 -0.016200209 0.0158583689 -0.00374585856 0.972873151 -0.231309056 0.231708854 0.0157611966 0.23133938 0.972745478 0.0266637001 0 0 0 1
0.999897182 -1.87907006e-06 -0.0143409846 0.013997904 -0.00295824697 0.978466034 -0.206386209 0.206770658 0.0140325548 0.206407398 0.978365541 0.0210342053 0 0 0 1
0.999934316 -1.783014e-06 -0.0114670014 0.0111220079 -0.00207974645 0.983387053 -0.181508943 0.181877881 0.0112768253 0.181520849 0.983322382 0.0160686877 0 0 0 1
0.999971509 -1.65338452e-06 -0.00755789317 0.00721029891 -0.00118812185 0.98753202 -0.157414347 0.157768071 0.0074639204 0.157418832 0.987503707 0.0118798828 0 0 0 1
0.999996006 -1.4962892e-06 -0.00283369981 0.00248297164 -0.000378612254 0.990963221 -0.134133294 0.134472191 0.00280829286 0.134133831 0.990959167 0.00841790717 0 0 0 1
0.99999702 -1.32099569e-06 0.00243868004 -0.00279289763 0.000273360842 0.993758202 -0.111555144 0.111879572 -0.00242331089 0.111555472 0.993755221 0.00561615592 0 0 0 1
0.999968052 -1.13630233e-06 0.00799226016 -0.00835014321 0.000716989802 0.99598062 -0.0895660743 0.0898763463 -0.0079600336 0.0895689428 0.995948792 0.00341755315 0 0 0 1
0.99990803 -9.51151662e-07 0.0135600185 -0.0139215644 0.000923789048 0.997681499 -0.0680497065 0.0683461055 -0.0135285147 0.0680559725 0.997589707 0.0017720951 0 0 0 1
0.999821901 -7.7422925e-07 0.0188749861 -0.0192400217 0.000885929621 0.998899758 -0.0468873717 0.047170084 -0.0188541822 0.0468957424 0.998721778 0.000635752804 0 0 0 1
0.999719799 -6.14506519e-07 0.0236702934 -0.0240384638 0.000615225697 0.999662817 -0.0259582326 0.0262273848 -0.0236622989 0.025965523 0.999382734 -2.91561337e-05 0 0 0 1
0.999616921 -4.81009067e-07 0.0276792608 -0.0280500464 0.000142791672 0.999986827 -0.00513944216 0.00539506273 -0.027678892 0.00514142588 0.999603689 -0.000254072889 0 0 0 1
0.999530613 -3.82672482e-07 0.0306353178 -0.0310080312 -0.000480624149 0.999876738 0.015693685 -0.0154516604 -0.0306315497 -0.0157010481 0.999407411 -6.18733684e-05 0 0 0 1
0.999479175 -3.28042688e-07 0.0322720185 -0.0326457955 -0.00118361681 0.999326825 0.0366673097 -0.0364390537 -0.0322503075 -0.0366864093 0.998806238 0.000534906751 0 0 0 1
0.999477446 -3.26606482e-07 0.0323228389 -0.032696642 -0.00187241414 0.998320222 0.0579083338 -0.0576941445 -0.0322685577 -0.0579385944 0.997798502 0.00153800147 0 0 0 1
0.99953413 -3.8653161e-07 0.0305210687 -0.0308937058 -0.00242849323 0.996828496 0.0795433149 -0.0793436095 -0.0304243024 -0.0795803666 0.996364057 0.00296731154 0 0 0 1
0.999646127 -5.17013348e-07 0.0265996456 -0.0269697271 -0.00270553748 0.994811773 0.10169664 -0.101512022 -0.0264616925 -0.101732627 0.994459748 0.00486587174 0 0 0 1
0.999794066 -7.27208771e-07 0.0202911664 -0.0206571221 -0.00252580759 0.992218018 0.124488108 -0.124319278 -0.0201333482 -0.12451373 0.992013633 0.00730566261 0 0 0 1
0.999935925 -1.02519357e-06 0.011328035 -0.0116881132 -0.00167597155 0.988981605 0.148029014 -0.147876903 -0.0112033701 -0.148038492 0.988918126 0.0103940722 0 0 0 1
0.99999994 -1.42057297e-06 -0.000556906685 0.000204670258 9.74197028e-05 0.985023975 0.172417358 -0.172282979 0.000548321521 -0.172417387 0.985023856 0.0142806815 0 0 0 1
0.999878109 -1.92196353e-06 -0.0156153059 0.0152730774 0.00308956485 0.980255723 0.197710142 -0.197594762 0.0153066125 -0.197734281 0.980136037 0.0191600546 0 0 0 1
0.999431014 -2.5236327e-06 -0.0337297767 0.0333996937 0.00754170865 0.974699616 0.223391846 -0.223296449 0.0328758396 -0.223519132 0.974144995 0.0251424145 0 0 0 1
0.998520017 -3.20849199e-06 -0.0543850064 0.0540689118 0.0135299247 0.968574524 0.248355106 -0.24827984 0.0526751354 -0.248723373 0.967141151 0.0321375728 0 0 0 1
0.997027874 -3.95975758e-06 -0.0770414248 0.0767408535 0.0209818687 0.962213576 0.271486402 -0.271430701 0.0741292238 -0.272296011 0.959353805 0.0399164818 0 0 0 1
0.994870543 -4.75536763e-06 -0.101155676 0.100871824 0.0296650399 0.956046104 0.291712016 -0.291674346 0.096708104 -0.293216527 0.951142311 0.04812029 0 0 0 1
0.992006958 -5.58743659e-06 -0.126182869 0.125916585 0.0391841941 0.95057565 0.308010757 -0.307988584 0.119944647 -0.310493201 0.942977905 0.0562775098 0 0 0 1
0.988445044 -6.42767509e-06 -0.151579633 0.151331395 0.0489898287 0.946345806 0.319420785 -0.319410652 0.143444672 -0.323155731 0.935411215 0.0638377517 0 0 0 1
0.98424542 -7.26338885e-06 -0.176807448 0.176577419 0.0583955757 0.943897188 0.325035602 -0.325033158 0.166885704 -0.330239594 0.929026842 0.0702162236 0 0 0 1
0.979522109 -8.05899072e-06 -0.201336503 0.20112434 0.0666028559 0.943712592 0.323991716 -0.323991477 0.19000116 -0.330766648 0.924387872 0.0748500377 0 0 0 1
0.974440038 -8.83305347e-06 -0.224648073 0.224453151 0.0728585795 0.945958853 0.31599623 -0.315992385 0.212505057 -0.324286908 0.921780705 0.0774526 0 0 0 1
0.969209671 -9.54683674e-06 -0.246237054 0.246058255 0.0767601877 0.950181484 0.302097678 -0.302084923 0.233967006 -0.311697185 0.920925796 0.0783036873 0 0 0 1
0.964079916 -1.01900841e-05 -0.265612274 0.265448093 0.0781214386 0.95577991 0.283516914 -0.283490986 0.25386399 -0.294082969 0.921449065 0.07777749 0 0 0 1
0.959327519 -1.07281066e-05 -0.282295465 0.28214398 0.0769452974 0.962145865 0.2614474 -0.261404812 0.271606594 -0.272534996 0.923013806 0.0762108788 0 0 0 1
0.955244303 -1.11762565e-05 -0.29581821 0.295677096 0.0734229684 0.968717039 0.237057924 -0.236996293 0.286561459 -0.248168051 0.92536217 0.0738618523 0 0 0 1
0.95212239 -1.15036764e-05 -0.305717081 0.305583656 0.067919746 0.975017011 0.211491928 -0.211409867 0.298076898 -0.222130448 0.928336263 0.0708883181 0 0 0 1
0.950237393 -1.16782312e-05 -0.311527014 0.311398089 0.0609473027 0.980682611 0.185868144 -0.185765207 0.305506915 -0.195605576 0.931882024 0.067344293 0 0 0 1
0.949827969 -1.17270274e-05 -0.312772959 0.312645018 0.0531220362 0.985477388 0.161283866 -0.161160707 0.308228761 -0.169807076 0.93603456 0.0631945878 0 0 0 1
0.951032519 -1.16132151e-05 -0.309091061 0.308960259 0.0450858958 0.989309549 0.138686195 -0.138544291 0.30578512 -0.145830721 0.940865993 0.0583668053 0 0 0 1
0.953660369 -1.13439355e-05 -0.300885081 0.300747901 0.0372998305 0.992290795 0.118185036 -0.11802607 0.298564136 -0.123931348 0.946308792 0.0529284477 0 0 0 1
0.957376659 -1.09489984e-05 -0.288842261 0.288695812 0.0300605688 0.994573414 0.0995990038 -0.0994246155 0.287273735 -0.104036532 0.952181756 0.0470606089 0 0 0 1
0.961829722 -1.0447452e-05 -0.273648322 0.27349022 0.0235615894 0.996289551 0.0827771574 -0.0825888962 0.272632092 -0.0860651284 0.958261311 0.0409868546 0 0 0 1
0.966678023 -9.86685336e-06 -0.255995423 0.25582397 0.017911166 0.997551858 0.0675968528 -0.0673962459 0.255368054 -0.06992957 0.964311659 0.0349425152 0 0 0 1
0.971609831 -9.22973504e-06 -0.236588821 0.23640281 0.0131485285 0.998456597 0.0539586954 -0.053747151 0.236223191 -0.0555375963 0.970110416 0.0291503537 0 0 0 1
0.976360142 -8.55578946e-06 -0.216149852 0.215948582 0.00925809704 0.999083996 0.0417797603 -0.041558627 0.215951487 -0.0427932367 0.975465953 0.0238017086 0 0 0 1
0.98072046 -7.8735502e-06 -0.195415705 0.195199221 0.00618244847 0.999500751 0.0309871864 -0.0307577346 0.195317894 -0.0315979235 0.980230749 0.0190437064 0 0 0 1
0.984549224 -7.20424805e-06 -0.175107837 0.174876571 0.00383340637 0.999761224 0.0215123184 -0.0212756917 0.175065875 -0.0218511932 0.984314203 0.0149672125 0 0 0 1
0.987849712 -6.55326994e-06 -0.155412227 0.15516673 0.00209696544 0.99990952 0.0132868188 -0.0130440984 0.155398071 -0.0134512736 0.987760365 0.0115279015 0 0 0 1
0.990702987 -5.91337357e-06 -0.136042133 0.135782838 0.000862308312 0.999980271 0.00623614294 -0.0059883059 0.136039406 -0.00629547704 0.990683317 0.00861148536 0 0 0 1
0.993168235 -5.27315569e-06 -0.116690569 0.116417602 3.79766861e-05 1 0.000278035266 -2.59591743e-05 0.116690569 -0.000280567328 0.993168235 0.00613333285 0 0 0 1
0.995279849 -4.62284788e-06 -0.0970469415 0.0967602357 -0.000451233122 0.999989033 -0.00467532501 0.00493084826 0.097045891 0.00469704717 0.995268762 0.00403959025 0 0 0 1
0.997046649 -3.95198913e-06 -0.076798223 0.0764974654 -0.000667364919 0.999961853 -0.00871564168 0.00897390675 0.0767953247 0.0087411534 0.997008622 0.00230684155 0 0 0 1
0.998451531 -3.24986081e-06 -0.0556302555 0.0553150102 -0.000661850267 0.999928594 -0.0119372997 0.0121976873 0.0556263216 0.0119556328 0.998380065 0.000942716259 0 0 0 1
0.999447763 -2.50628136e-06 -0.0332290083 0.03289859 -0.00047746874 0.999895632 -0.014436515 0.0146984849 0.033225581 0.0144444089 0.999343455 -1.28299171e-05 0 0 0 1
0.999956965 -1.71075055e-06 -0.00928409118 0.00893764477 -0.000149724496 0.999866962 -0.0163105447 0.0165736303 0.00928288326 0.0163112301 0.999823987 -0.000484654709 0 0 0 1
0.999867439 -8.60429907e-07 0.0162816774 -0.0166450087 0.000288038864 0.999844432 -0.0176358018 0.0178996045 -0.0162791293 0.0176381543 0.999711931 -0.00036323379 0 0 0 1
0.999071002 3.24410081e-08 0.0430943668 -0.0434751585 0.000795710541 0.999829471 -0.0184479747 0.0187121313 -0.0430870168 0.0184651259 0.998900652 0.000458237977 0 0 0 1
0.997495949 9.5346121e-07 0.0707244501 -0.0711229667 0.00133059616 0.999822736 -0.0187801775 0.0190443639 -0.0707119256 0.0188272558 0.997319162 0.00205063215 0 0 0 1
0.995113254 1.88854858e-06 0.0987404734 -0.0991567001 0.00185045542 0.999823987 -0.0186681375 0.0189320687 -0.0987231433 0.018759625 0.994938135 0.00444303174 0 0 0 1
0.991939545 2.82310884e-06 0.126712263 -0.127145842 0.0023156954 0.99983263 -0.0181501955 0.0184136219 -0.126691103 0.018297324 0.991773427 0.00761954719 0 0 0 1
0.988037467 3.74349474e-06 0.154213935 -0.154664367 0.00269125565 0.999847233 -0.0172669459 0.0175296571 -0.154190466 0.0174754187 0.987886548 0.0115185138 0 0 0 1
0.983514845 4.63376409e-06 0.18082723 -0.181293681 0.0029481689 0.999866724 -0.0160606429 0.0163224731 -0.18080321 0.0163289886 0.983383656 0.0160334539 0 0 0 1
0.978521705 5.48370826e-06 0.206143945 -0.206625372 0.00306475908 0.999889135 -0.0145743601 0.0148351677 -0.206121176 0.014893109 0.978413165 0.0210158695 0 0 0 1
0.973245442 6.27665895e-06 0.22976765 -0.230262846 0.0030274787 0.999912798 -0.0128510529 0.0131107392 -0.229747698 0.0132028451 0.973160684 0.0262797605 0 0 0 1
0.967905402 7.00058717e-06 0.25131467 -0.251822263 0.00283139339 0.999936223 -0.0109325936 0.0111910859 -0.251298755 0.0112932874 0.967843711 0.0316073261 0 0 0 1
0.962744236 7.64296146e-06 0.270413429 -0.27093184 0.00248031504 0.999957681 -0.00885884836 0.00911610015 -0.270402074 0.00919951685 0.962703466 0.0367571078 0 0 0 1
0.958019674 8.19133857e-06 0.286702663 -0.287230194 0.00198663678 0.999975801 -0.00666693551 0.00692291418 -0.286695749 0.00695662852 0.957996368 0.0414725542 0 0 0 1
0.953993261 8.63373589e-06 0.299827993 -0.300362766 0.00137089018 0.99998945 -0.00439069653 0.00464538904 -0.299824834 0.00459972629 0.953983188 0.0454924591 0 0 0 1
0.950919688 8.95738867e-06 0.309437692 -0.30997771 0.000661078026 0.999997675 -0.00206047809 0.00231388118 -0.309436977 0.00216391147 0.950917482 0.0485629588 0 0 0 1
0.949032962 9.15095006e-06 0.315176755 -0.315719962 -0.000108187356 1 0.000296730053 -4.4614826e-05 -0.315176755 -0.000315704732 0.949032903 0.050450135 0 0 0 1
0.948532224 9.20164803e-06 0.316680551 -0.317224562 -0.000896704383 0.999996066 0.00265678228 -0.00240595196 -0.316679299 -0.00280401274 0.948528528 0.0509547964 0 0 0 1
0.949552774 9.09802475e-06 0.313607395 -0.314149737 -0.00166006538 0.999986112 0.00499740057 -0.00474785268 -0.313602954 -0.00526590459 0.949539483 0.0499413796 0 0 0 1
0.951999784 8.84510064e-06 0.306098849 -0.306637079 -0.00235505961 0.999970675 0.00729558989 -0.00704732072 -0.306089789 -0.00766628049 0.951971829 0.0475042835 0 0 0 1
0.95561111 8.45866452e-06 0.294630855 -0.295162797 -0.00294556725 0.999950349 0.00952499919 -0.0092780022 -0.294616163 -0.00997005031 0.955563724 0.0439054184 0 0 0 1
0.96009326 7.95428514e-06 0.279679805 -0.280203372 -0.00340354373 0.999926269 0.0116553502 -0.0114096068 -0.279659033 -0.0121421274 0.960022569 0.0394377708 0 0 0 1
0.965142965 7.35042431e-06 0.261723101 -0.262236595 -0.00370980566 0.999899983 0.0136523787 -0.0134078581 -0.261696815 -0.01414744 0.965046406 0.0344036743 0 0 0 1
0.970464051 6.66248025e-06 0.241245776 -0.241747603 -0.00385455554 0.999872744 0.0154781817 -0.0152348233 -0.241214991 -0.0159509126 0.97034061 0.0290983133 0 0 0 1
0.975782156 5.90585523e-06 0.21874477 -0.219233558 -0.00383762084 0.999846518 0.0170919579 -0.0168496761 -0.218711108 -0.0175174847 0.975632489 0.0237947237 0 0 0 1
0.980856657 5.10024802e-06 0.194731057 -0.195205763 -0.00366830034 0.999823093 0.0184509736 -0.0182096586 -0.194696471 -0.018812092 0.980683088 0.0187318921 0 0 0 1
0.985490441 4.26337147e-06 0.169730872 -0.170190677 -0.00336481561 0.99980402 0.0195116624 -0.0192711633 -0.169697508 -0.0197996702 0.985297143 0.0141056022 0 0 0 1
0.9895311 3.41157829e-06 0.144319519 -0.144763902 -0.00295401295 0.999791026 0.0202306416 -0.0199907646 -0.144289285 -0.0204451717 0.989324391 0.0100667803 0 0 0 1
0.992877662 2.57045167e-06 0.119138867 -0.119567804 -0.00247033592 0.999785423 0.0205656793 -0.0203261971 -0.119113252 -0.0207135156 0.992664516 0.00671533914 0 0 0 1
0.99549222 1.75842865e-06 0.0948438272 -0.0952575877 -0.00195265294 0.999788404 0.0204767436 -0.0202373844 -0.0948237181 -0.0205696337 0.995281518 0.00408813264 0 0 0 1
0.997397959 9.99065719e-07 0.0720929876 -0.0724923834 -0.00144130213 0.999800444 0.019926386 -0.0196868405 -0.0720785782 -0.0199784432 0.99719882 0.00216164882 0 0 0 1
0.998670697 3.14237155e-07 0.051544793 -0.0519310422 -0.000974759052 0.999821246 0.01887968 -0.0186395999 -0.0515355803 -0.0189048257 0.998492122 0.000860498461 0 0 0 1
0.999426723 -2.75397554e-07 0.0338544883 -0.034229286 -0.000585870817 0.999850035 0.0173037741 -0.0170627795 -0.0338494144 -0.017313689 0.999277055 6.93680558e-05 0 0 0 1
0.999806523 -7.47567981e-07 0.0196723565 -0.0200379118 -0.000297680002 0.999885023 0.0151669597 -0.0149246454 -0.0196701065 -0.0151698794 0.999691486 -0.000349852751 0 0 0 1
0.999953508 -1.08128745e-06 0.00964367017 -0.0100026391 -0.000118869371 0.999922633 0.0124376994 -0.0121936332 -0.00964293536 -0.0124382675 0.999876142 -0.000537499727 0 0 0 1
0.999991715 -1.26635803e-06 0.00407999894 -0.0044352999 -3.57952486e-05 0.999958754 0.00908364356 -0.00883737858 -0.00407984201 -0.00908371434 0.999950409 -0.000612920208 0 0 0 1
0.999997854 -1.33296237e-06 0.00207738299 -0.00243136217 -9.20167986e-06 0.999987185 0.00507109519 -0.00482217781 -0.0020773632 -0.00507110311 0.99998498 -0.000647257955 0 0 0 1
0.99999696 -1.32050354e-06 0.00245205848 -0.0028062854 4.24622272e-07 1 0.000365359418 -0.0001133279 -0.00245205895 -0.000365357264 0.999996901 -0.000657842727 0 0 0 1
0.999991953 -1.26834948e-06 0.00402015029 -0.00437541213 2.16445733e-05 0.999987185 -0.00506848423 0.00532410108 -0.00402009208 0.00506853033 0.999979019 -0.000638081285 0 0 0 1
0.999984384 -1.21588675e-06 0.00559777673 -0.00595408026 6.42772648e-05 0.999936521 -0.0112652695 0.0115249585 -0.00559740746 0.011265452 0.999920845 -0.000577725295 0 0 0 1
0.999982119 -1.20245818e-06 0.00600107946 -0.00635764934 0.000110782756 0.999833286 -0.0182597972 0.0185240749 -0.00600005779 0.0182601344 0.999815285 -0.000470157189 0 0 0 1
0.999991834 -1.26751672e-06 0.00404619751 -0.00440147752 0.000106820407 0.999659717 -0.0260868333 0.0263562482 -0.00404478749 0.0260870494 0.999651432 -0.000304960588 0 0 0 1
0.999998987 -1.45029833e-06 -0.00145078998 0.00109914539 -4.90095699e-05 0.999394953 -0.0347803161 0.035055466 0.00144996285 0.0347803459 0.99939394 -4.6993624e-05 0 0 0 1
0.999933183 -1.78632388e-06 -0.0115561495 0.0112112127 -0.000511124614 0.999014556 -0.0443811417 0.0446627066 0.0115448395 0.0443840809 0.998947918 0.000398259057 0 0 0 1
0.999656379 -2.27327564e-06 -0.0262122359 0.0258770976 -0.00144046673 0.998484194 -0.0550216921 0.0553104952 0.0261726286 0.055040542 0.99814105 0.00120314944 0 0 0 1
0.99899894 -2.887851e-06 -0.0447337478 0.0444110967 -0.00299186166 0.997756541 -0.0668790042 0.0671760291 0.044633586 0.0669458881 0.996757805 0.00258377637 0 0 0 1
0.997791648 -3.60846457e-06 -0.0664225072 0.0661146268 -0.00532981241 0.996771157 -0.0801180154 0.0804243758 0.0662083104 0.0802951008 0.994569838 0.00476895506 0 0 0 1
0.995889783 -4.41006887e-06 -0.0905739069 0.0902826786 -0.00862556603 0.995450437 -0.09488938 0.0952063128 0.0901622549 0.09528061 0.991358876 0.00797741208 0 0 0 1
0.993193209 -5.26661097e-06 -0.116478696 0.116205573 -0.0130510405 0.993698001 -0.111328825 0.111657791 0.115745232 0.112091213 0.986933947 0.0124004511 0 0 0 1
0.989661038 -6.15958015e-06 -0.143426299 0.143172219 -0.0187699851 0.991394222 -0.129558027 0.12990047 0.142192796 0.130910635 0.981144071 0.0181896556 0 0 0 1
0.985321343 -7.05769162e-06 -0.170709521 0.170475051 -0.0259265471 0.988393426 -0.149686784 0.150044337 0.168729231 0.151915506 0.973885119 0.0254493412 0 0 0 1
0.980276704 -7.94426705e-06 -0.197630003 0.197415143 -0.0346280709 0.984522998 -0.171800405 0.172174662 0.194572657 0.175255448 0.965104699 0.0342322886 0 0 0 1
0.974703133 -8.80664356e-06 -0.223503262 0.223307461 -0.0447936095 0.979703248 -0.195384622 0.19577685 0.21896857 0.20045355 0.954919517 0.0444219969 0 0 0 1
0.968846321 -9.59108002e-06 -0.247662589 0.247484848 -0.0560301542 0.974064052 -0.219225511 0.219636053 0.241241336 0.226272404 0.943717957 0.0556296557 0 0 0 1
0.963011146 -1.03122875e-05 -0.269461364 0.269300073 -0.0677463785 0.967870295 -0.242151603 0.242579907 0.260806143 0.251449704 0.932069242 0.0672854632 0 0 0 1
0.957548499 -1.09314396e-05 -0.288272351 0.288125455 -0.0791941211 0.961514294 -0.263093978 0.263538599 0.277180851 0.274754733 0.920695662 0.0786666796 0 0 0 1
0.952836573 -1.14330733e-05 -0.303484023 0.303348809 -0.0895149261 0.955499768 -0.281082451 0.28154102 0.28998208 0.29499197 0.910434127 0.0889357105 0 0 0 1
0.949259758 -1.17964928e-05 -0.314493418 0.314366788 -0.0977962315 0.950410545 -0.295221537 0.295691103 0.29890132 0.310998142 0.902185261 0.0971908644 0 0 0 1
0.947182 -1.19996412e-05 -0.320696443 0.320574611 -0.103134729 0.946865559 -0.304645538 0.305122346 0.303660035 0.321629673 0.896852851 0.102527827 0 0 0 1
0.946917951 -1.20215009e-05 -0.321475476 0.32135427 -0.104707308 0.94545871 -0.308454603 0.308934182 0.303945482 0.325742036 0.895270526 0.104112051 0 0 0 1
0.948580861 -1.18639982e-05 -0.316535056 0.316410005 -0.102134913 0.946501672 -0.306109697 0.306587011 0.299604565 0.32269904 0.897832096 0.10154961 0 0 0 1
0.951853395 -1.15516668e-05 -0.306553751 0.306420952 -0.0960528478 0.949632704 -0.298281044 0.298751861 0.291116923 0.313365191 0.903910041 0.0954682976 0 0 0 1
0.956304014 -1.10727096e-05 -0.292373925 0.292230219 -0.0873662531 0.954299629 -0.285795867 0.286256552 0.279015511 0.298851401 0.912599683 0.08677347 0 0 0 1
0.961490393 -1.04955971e-05 -0.274838835 0.274681628 -0.0770179555 0.959922731 -0.269474626 0.269922256 0.263826847 0.280264735 0.922955632 0.0764113218 0 0 0 1
0.966992855 -9.83490281e-06 -0.254803956 0.254631639 -0.0659157783 0.965950131 -0.250190645 0.250623137 0.246130377 0.258728176 0.934066117 0.0652942285 0 0 0 1
0.972441971 -9.1091033e-06 -0.233145088 0.232956469 -0.0548720434 0.971900403 -0.228907824 0.229323834 0.226595894 0.23539269 0.945116222 0.0542378612 0 0 0 1
0.977537811 -8.38009328e-06 -0.21076028 0.210555062 -0.0445554182 0.977390707 -0.206693575 0.207092598 0.205996886 0.211441278 0.955436051 0.0439125076 0 0 0 1
0.982060075 -7.65296409e-06 -0.188568622 0.188347131 -0.0354597494 0.982152522 -0.18471317 0.185095698 0.18520458 0.188086018 0.964532435 0.034811426 0 0 0 1
0.985890388 -6.94797063e-06 -0.167391822 0.167154953 -0.0278484765 0.986057103 -0.164060578 0.164427713 0.16505903 0.166407377 0.972144067 0.0271964762 0 0 0 1
0.989102602 -6.28523503e-06 -0.147228256 0.146976948 -0.0215445049 0.989229023 -0.14478156 0.145134524 0.145643398 0.146375775 0.978448868 0.0208892785 0 0 0 1
0.991812408 -5.63754975e-06 -0.127704024 0.127438799 -0.0162714198 0.991844058 -0.12641567 0.126755297 0.126663148 0.127458557 0.983722985 0.0156135811 0 0 0 1
0.994103312 -4.99933685e-06 -0.108436808 0.108158045 -0.0118266987 0.994029582 -0.108468056 0.108794771 0.107789949 0.109110907 0.988168061 0.0111675942 0 0 0 1
0.996028066 -4.35720585e-06 -0.0890397504 0.088747479 -0.00807880703 0.995870948 -0.0904209316 0.0907348469 0.0886725038 0.0907811299 0.991915345 0.00741997268 0 0 0 1
0.997608244 -3.69818486e-06 -0.0691227615 0.0688167289 -0.00496713305 0.997410893 -0.0717410743 0.0720419139 0.0689440593 0.0719128251 0.995025337 0.00431012502 0 0 0 1
0.99883312 -3.0064034e-06 -0.0482939593 0.0479737259 -0.0025057164 0.998649836 -0.0518863052 0.0521734618 0.0482289083 0.0519467741 0.997484565 0.00185143622 0 0 0 1
0.999657691 -2.27163196e-06 -0.0261614975 0.0258263256 -0.000791022205 0.99954015 -0.0303125586 0.0305850524 0.0261495374 0.0303228796 0.99919802 0.000139233423 0 0 0 1
0.999997318 -1.48027141e-06 -0.0023521448 0.00200109743 -1.38207761e-05 0.9999789 -0.00650511729 0.00676169526 0.00235210476 0.00650513219 0.999976039 -0.000636945246 0 0 0 1
0.999732912 -6.33136324e-07 0.02311261 -0.0234804116 -0.000450497086 0.999809444 0.0195135791 -0.0192741025 -0.0231082179 -0.0195187777 0.999542475 -0.000200580398 0 0 0 1
0.998758495 2.56283641e-07 0.0498152263 -0.0502003506 -0.00235327217 0.998883843 0.047176227 -0.0469546244 -0.0497596078 -0.0472348817 0.99764365 0.00170181051 0 0 0 1
0.997006536 1.17380864e-06 0.0773170739 -0.0777197853 -0.00588502735 0.997100234 0.0758725032 -0.0756690875 -0.0770927817 -0.0761003867 0.994115353 0.00523479888 0 0 0 1
0.99445343 2.10304597e-06 0.105178118 -0.105598368 -0.011105679 0.994411886 0.104983702 -0.104798391 -0.104590163 -0.105569474 0.98889637 0.0104595227 0 0 0 1
0.991121411 3.03179354e-06 0.132959917 -0.133397371 -0.0179655403 0.990832388 0.133897692 -0.133729979 -0.131740585 -0.135097563 0.98203516 0.0173274092 0 0 0 1
0.987079918 3.94356721e-06 0.160229072 -0.16068314 -0.0263047628 0.986436129 0.162024364 -0.16187343 -0.158055097 -0.164145768 0.973691344 0.025678698 0 0 0 1
0.982443571 4.82866062e-06 0.18656005 -0.187029913 -0.0358587615 0.981358647 0.188810363 -0.188675076 -0.183081418 -0.192185327 0.964129686 0.0352484547 0 0 0 1
0.977369845 5.67007646e-06 0.211537972 -0.212022588 -0.0462690592 0.975791872 0.213750988 -0.213629946 -0.206415817 -0.218701407 0.953709662 0.0456768125 0 0 0 1
0.97205323 6.44676493e-06 0.234760165 -0.235258222 -0.0570986271 0.969977498 0.236397311 -0.23628889 -0.2277105 -0.243195251 0.9428702 0.05652491 0 0 0 1
0.966719985 7.14996304e-06 0.255836695 -0.256346822 -0.0678507239 0.964197516 0.256357908 -0.256260395 -0.246675238 -0.265185058 0.932109475 0.0672937706 0 0 0 1
0.961618543 7.79074981e-06 0.274389684 -0.274910301 -0.0779900625 0.95876354 0.273294687 -0.273206145 -0.263072699 -0.28420487 0.92196548 0.0774455518 0 0 0 1
0.957011104 8.31642501e-06 0.290051311 -0.29058072 -0.0869652256 0.954001844 0.286910474 -0.286829025 -0.276707083 -0.299800873 0.912990987 0.0864267275 0 0 0 1
0.953162134 8.72241071e-06 0.302459925 -0.302996188 -0.0942320228 0.950237691 0.29693222 -0.296855778 -0.287406206 -0.311525971 0.90573132 0.0936920866 0 0 0 1
0.950326264 9.01168369e-06 0.311255455 -0.311796486 -0.0992774665 0.94777751 0.303086877 -0.303013325 -0.294998199 -0.318932086 0.900698841 0.0987287536 0 0 0 1
0.94873476 9.17379293e-06 0.31607303 -0.316616714 -0.10164509 0.946888804 0.305073589 -0.305000722 -0.299283236 -0.321561217 0.898347378 0.101082616 0 0 0 1
0.948580146 9.1827751e-06 0.316536933 -0.317080826 -0.100963183 0.947776437 0.302533329 -0.302458793 -0.300003409 -0.318935692 0.899042845 0.100387596 0 0 0 1
0.949963808 9.06462083e-06 0.312359959 -0.312901646 -0.0970639661 0.950502157 0.295167923 -0.295089245 -0.29689616 -0.310717732 0.902943492 0.0964852422 0 0 0 1
0.952725172 8.76637387e-06 0.303833574 -0.304370552 -0.0903952569 0.954725087 0.283423096 -0.283337921 -0.290075094 -0.297489464 0.909591436 0.0898339823 0 0 0 1
0.956588089 8.36748313e-06 0.291443378 -0.291973501 -0.0816563517 0.959955335 0.267988503 -0.267894864 -0.279770434 -0.280152768 0.918282628 0.0811377093 0 0 0 1
0.961252272 7.82341431e-06 0.275670499 -0.27619186 -0.0715766549 0.965710998 0.24955757 -0.249453843 -0.266216099 -0.259619355 0.928292394 0.0711216778 0 0 0 1
0.96641165 7.18411275e-06 0.256999046 -0.257509857 -0.0608694404 0.971553326 0.228864491 -0.22874935 -0.249686614 -0.236820698 0.938920975 0.0604860708 0 0 0 1
0.971772015 6.4823771e-06 0.235921919 -0.236420676 -0.0501900278 0.977114558 0.20670791 -0.20658049 -0.230521426 -0.212713882 0.949532926 0.0498663969 0 0 0 1
0.977064192 5.70336488e-06 0.212945059 -0.213430449 -0.0400991142 0.982115149 0.183962017 -0.183821827 -0.209135488 -0.188281611 0.959589779 0.0398015305 0 0 0 1
0.982056081 4.90326329e-06 0.188588783 -0.189059854 -0.0310329534 0.986372352 0.161575213 -0.161422357 -0.18601796 -0.16452837 0.96867305 0.0307099633 0 0 0 1
0.986561358 4.05482297e-06 0.163391143 -0.163847148 -0.0232769549 0.989803851 0.140522495 -0.140357569 -0.161724612 -0.142437309 0.97650218 0.0228726566 0 0 0 1
0.990439177 3.1957486e-06 0.137950093 -0.138390586 -0.0168893393 0.992479861 0.121237248 -0.121061139 -0.136912286 -0.12240801 0.98299098 0.016375944 0 0 0 1
0.993605018 2.3629932e-06 0.112912178 -0.113337241 -0.0117859058 0.994539559 0.103692859 -0.103506424 -0.112295374 -0.104360513 0.988179445 0.011179924 0 0 0 1
0.996037602 1.55999669e-06 0.0889321193 -0.089342162 -0.00784485787 0.996103287 0.0878447592 -0.0876488313 -0.0885854214 -0.0881943554 0.992156386 0.00719607202 0 0 0 1
0.997775257 8.17531372e-07 0.0666672662 -0.06706319 -0.0049211001 0.997272789 0.0736393705 -0.0734347701 -0.0664853901 -0.0738036111 0.995054126 0.00429228041 0 0 0 1
0.998905599 1.55143425e-07 0.0467738882 -0.0471570604 -0.00285702082 0.998133004 0.061011374 -0.0607989393 -0.046686545 -0.0610782281 0.997040451 0.00230076583 0 0 0 1
0.999552846 -4.07056802e-07 0.0299044363 -0.0302766729 -0.00149198144 0.998754025 0.0498829149 -0.0496634357 -0.0298671965 -0.0499052219 0.998307347 0.00103002577 0 0 0 1
0.999860466 -8.46441765e-07 0.016706273 -0.0170698799 -0.000670234673 0.999192894 0.0401637629 -0.0399380289 -0.0166928228 -0.0401693583 0.999053538 0.00028123791 0 0 0 1
0.999969542 -1.14216937e-06 0.00781536009 -0.0081731258 -0.000247026677 0.999495685 0.031752944 -0.0315217227 -0.00781145459 -0.0317539051 0.999465287 -0.000131824738 0 0 0 1
0.999994755 -1.2937262e-06 0.00325724273 -0.00361200119 -7.86430028e-05 0.999698818 0.0245409776 -0.0243049916 -0.00325629325 -0.0245411061 0.999693513 -0.000360087026 0 0 0 1
0.999998033 -1.33675599e-06 0.00196329667 -0.00231720041 -3.48125577e-05 0.999830425 0.0184124094 -0.0181723516 -0.0019629884 -0.0184124429 0.999828458 -0.000494063366 0 0 0 1
0.999996245 -1.31059119e-06 0.00275013223 -0.00310455565 -3.51259441e-05 0.999912322 0.0132489214 -0.0130054243 -0.00274990802 -0.013248967 0.999908447 -0.00057248224 0 0 0 1
0.999990225 -1.25457416e-06 0.00443429453 -0.00478982972 -3.83500337e-05 0.999960184 0.00893133879 -0.00868497137 -0.00443412829 -0.00893142167 0.99995029 -0.000612620905 0 0 0 1
0.999983013 -1.20806817e-06 0.00583233126 -0.00618878938 -2.99388157e-05 0.999985814 0.00534029258 -0.00509154564 -0.00583225535 -0.0053403764 0.999968767 -0.000629705319 0 0 0 1
0.99998337 -1.21044695e-06 0.00576082105 -0.00611723261 -1.23637756e-05 0.999997318 0.00235626381 -0.00210554618 -0.00576080801 -0.00235629594 0.999980569 -0.000640898012 0 0 0 1
0.99999541 -1.30107162e-06 0.00303631811 -0.00339093036 1.72739192e-06 1 -0.000140404503 0.00039277022 -0.00303631788 0.000140409073 0.99999547 -0.000656002725 0 0 0 1
0.999993801 -1.51926213e-06 -0.00352467201 0.00317440135 -6.47949128e-06 0.999997497 -0.00226934836 0.00252312492 0.00352466642 0.00226935698 0.999991179 -0.000653570227 0 0 0 1
0.999890149 -1.8947178e-06 -0.0148189394 0.0144761801 -5.93543155e-05 0.999991477 -0.00413271785 0.00438774563 0.0148188211 0.00413314439 0.999881625 -0.000547459058 0 0 0 1
0.999534905 -2.41563384e-06 -0.0304967072 0.0301644411 -0.000173256529 0.99998337 -0.00575772114 0.00601386093 0.0304962136 0.00576032698 0.999518394 -0.000188979539 0 0 0 1
0.998755872 -3.05858225e-06 -0.0498651676 0.0495460033 -0.000353946903 0.99997437 -0.0071505839 0.00740770809 0.0498639122 0.00715933787 0.998730242 0.000593046308 0 0 0 1
0.997388303 -3.80015786e-06 -0.0722251683 0.071921289 -0.000598468119 0.99996525 -0.00831711758 0.00857509766 0.0722226873 0.00833862089 0.997353554 0.00196304149 0 0 0 1
0.995296955 -4.6170253e-06 -0.0968713909 0.096584551 -0.000896949554 0.999956667 -0.00926329195 0.00952200126 0.0968672335 0.00930661522 0.995253801 0.00405581295 0 0 0 1
0.992394924 -5.48505932e-06 -0.123094432 0.122825973 -0.00123433536 0.999949336 -0.00999584608 0.0102551561 0.123088241 0.0100717666 0.992344558 0.00695787882 0 0 0 1
0.988658011 -6.38096526e-06 -0.15018481 0.149935573 -0.00159203599 0.999943316 -0.010522766 0.0107825482 0.150176361 0.0106425164 0.988601983 0.0106936628 0 0 0 1
0.984132051 -7.28032728e-06 -0.177437529 0.177207947 -0.00194949366 0.999939144 -0.0108536193 0.011113747 0.17742683 0.0110273072 0.984072149 0.0152168358 0 0 0 1
0.978937984 -8.16196643e-06 -0.204157978 0.203947902 -0.00228564232 0.999936938 -0.0109996377 0.0112599777 0.204145163 0.0112345945 0.978876233 0.0204069111 0 0 0 1
0.973269522 -9.00243231e-06 -0.229666218 0.229475021 -0.002580225 0.999936402 -0.0109735597 0.0112339882 0.229651734 0.0112728206 0.973207653 0.0260702521 0 0 0 1
0.967387497 -9.78004027e-06 -0.253301084 0.253127605 -0.00281495764 0.999937832 -0.0107892733 0.0110496627 0.253285438 0.0111504393 0.967327416 0.0319460854 0 0 0 1
0.961609542 -1.04745259e-05 -0.274421483 0.274264008 -0.0029745088 0.999940932 -0.0104612429 0.0107214721 0.27440539 0.0108759012 0.961552739 0.0377170742 0 0 0 1
0.956294537 -1.10644423e-05 -0.292404979 0.292261243 -0.00304728886 0.999945462 -0.0100038331 0.0102637857 0.292389065 0.0104576526 0.956242204 0.0430245511 0 0 0 1
0.951824486 -1.15321045e-05 -0.306643575 0.306510895 -0.00302606891 0.999951005 -0.00943055097 0.00969011988 0.306628644 0.00990415365 0.951777697 0.0474868305 0 0 0 1
0.948580682 -1.18566359e-05 -0.316535711 0.316410661 -0.00290843123 0.999957561 -0.00875331834 0.00901239831 0.31652233 0.00922384951 0.948540211 0.0507227965 0 0 0 1
0.946917832 -1.20188533e-05 -0.321475655 0.321354479 -0.00269711483 0.999964476 -0.00798183028 0.00824032724 0.32146436 0.00842519477 0.946884215 0.0523780026 0 0 0 1
0.94712913 -1.19980496e-05 -0.320852607 0.320730954 -0.00240036915 0.999971867 -0.00712307543 0.00738090277 0.320843607 0.00751663744 0.947102249 0.0521597229 0 0 0 1
0.949217618 -1.17937852e-05 -0.314620107 0.314493567 -0.00203591841 0.99997884 -0.00617990736 0.00643698173 0.314613551 0.00650661765 0.94919759 0.0500650704 0 0 0 1
0.952812672 -1.14312443e-05 -0.303558677 0.303423524 -0.00162940589 0.999985456 -0.00515205087 0.00540830428 0.303554267 0.00540356059 0.952798843 0.0464650281 0 0 0 1
0.957478762 -1.09369203e-05 -0.288503677 0.28835696 -0.00120582792 0.999991179 -0.0040397807 0.00429514982 0.288501173 0.00421589008 0.957470298 0.0417954996 0 0 0 1
0.962777615 -1.03387483e-05 -0.270294607 0.270133972 -0.000787964149 0.999995708 -0.00284494436 0.00309937703 0.270293444 0.00295203133 0.962773502 0.0364948921 0 0 0 1
0.968301296 -9.6644626e-06 -0.249785393 0.249609262 -0.000395397219 0.999998689 -0.00157146133 0.00182491366 0.249785095 0.00162041234 0.968299925 0.0309716687 0 0 0 1
0.973695993 -8.94260211e-06 -0.227850869 0.227658287 -4.35758193e-05 0.99999994 -0.000225464159 0.000477902155 0.227850854 0.000229462341 0.973695993 0.0255794432 0 0 0 1
0.978680611 -8.20259447e-06 -0.205388144 0.205178991 0.000257037493 0.999999225 0.00118485407 -0.000933455769 0.205387995 -0.00121238618 0.978679776 0.0205997918 0 0 0 1
0.983054221 -7.4745999e-06 -0.183314696 0.183089375 0.000501692353 0.999996424 0.00264963065 -0.00239928812 0.183314011 -0.00269669807 0.983050764 0.0162334796 0 0 0 1
0.986739814 -6.78118658e-06 -0.162309855 0.162069336 0.000690832501 0.999991179 0.00415803911 -0.00390876271 0.16230838 -0.00421503186 0.986731052 0.0125577012 0 0 0 1
0.989838183 -6.11696987e-06 -0.142198503 0.141943574 0.00082496705 0.99998343 0.00569954701 -0.00545134069 0.142196119 -0.00575893838 0.989821672 0.0094717415 0 0 0 1
0.992454052 -5.46911451e-06 -0.122617051 0.122348234 0.000902981265 0.999973238 0.00726406649 -0.00701692468 0.122613721 -0.00731997332 0.992427528 0.00687070703 0 0 0 1
0.994660974 -4.82649239e-06 -0.103195898 0.102913462 0.000922179315 0.999960542 0.00884172227 -0.00859563425 0.103191786 -0.00888968259 0.994621754 0.00468151504 0 0 0 1
0.996502638 -4.17596812e-06 -0.083561331 0.0832652524 0.00087818125 0.999945283 0.0104226945 -0.0101776421 0.0835567117 -0.0104596242 0.996448159 0.00286037428 0 0 0 1
0.997992158 -3.50549863e-06 -0.0633368194 0.0630268231 0.000764892204 0.9999277 0.0119969929 -0.0117529454 0.0633321851 -0.0120213507 0.997920096 0.00139418209 0 0 0 1
0.999111533 -2.80222116e-06 -0.0421446189 0.0418202132 0.000574551348 0.99990797 0.0135542508 -0.013311171 0.0421407036 -0.0135664223 0.999019623 0.000301057386 0 0 0 1
0.999807775 -2.05383594e-06 -0.019607272 0.0192677081 0.000297856226 0.999886215 0.0150834527 -0.0148412948 0.0196050089 -0.0150863938 0.99969399 -0.000366235763 0 0 0 1
0.99998951 -1.24923474e-06 0.0045949039 -0.00495054526 -7.47786908e-05 0.999863148 0.0165459309 -0.0163046122 -0.00459429529 -0.0165461004 0.999852538 -0.000516694738 0 0 0 1
0.999541044 -3.93918668e-07 0.0302941985 -0.0306666847 -0.000535139523 0.999843717 0.0176696479 -0.0174289159 -0.0302894711 -0.0176777523 0.99938488 -3.99418786e-05 0 0 0 1
0.99837023 4.9804197e-07 0.0570691451 -0.0574589372 -0.00103309448 0.999836326 0.0180642754 -0.0178236328 -0.0570597909 -0.0180937927 0.998206854 0.00114818627 0 0 0 1
0.996424139 1.41295914e-06 0.0844929442 -0.0849002004 -0.00147206418 0.999848485 0.0173433088 -0.0171020273 -0.0844801292 -0.0174056701 0.996273041 0.00309306383 0 0 0 1
0.993692577 2.33604396e-06 0.112138338 -0.112562917 -0.00170960207 0.999884188 0.0151284859 -0.0148856491 -0.1121253 -0.0152247762 0.993577421 0.00580080831 0 0 0 1
0.990210712 3.25371616e-06 0.139580429 -0.14002195 -0.00156126823 0.999937773 0.0110526299 -0.010807137 -0.139571711 -0.0111623565 0.990148902 0.00924217422 0 0 0 1
0.986058354 4.15133718e-06 0.16640009 -0.166857883 -0.00080773537 0.999988377 0.00476155337 -0.00451214844 -0.166398138 -0.00482957624 0.986046851 0.0133581916 0 0 0 1
0.981358409 5.01536306e-06 0.192186475 -0.192659676 0.000795004016 0.999991357 -0.00408561155 0.00434030639 -0.192184821 0.00416223751 0.981349826 0.0180695318 0 0 0 1
0.976273835 5.83244901e-06 0.216539532 -0.217027038 0.00349984085 0.999868989 -0.015806051 0.0160675179 -0.216511264 0.0161888879 0.976145983 0.0232886076 0 0 0 1
0.971001983 6.58981389e-06 0.239071012 -0.239571586 0.00746709248 0.999511242 -0.0303556174 0.0306252223 -0.238954365 0.0312605314 0.970527411 0.0289224908 0 0 0 1
0.965768576 7.27032102e-06 0.259405106 -0.259917349 0.0126944371 0.998800635 -0.0472895503 0.0475683361 -0.259094328 0.0489637628 0.96461004 0.0348553322 0 0 0 1
0.960818887 7.86833425e-06 0.277177155 -0.277699351 0.0190782733 0.997626483 -0.0661620647 0.066450797 -0.276519805 0.0688578188 0.958538115 0.0409424044 0 0 0 1
0.956408799 8.37088101e-06 0.292031378 -0.292561799 0.0264203511 0.995896578 -0.0865557641 0.0868549421 -0.290833712 0.0904982388 0.952484071 0.0470111109 0 0 0 1
0.952794194 8.76548256e-06 0.303617001 -0.30415386 0.0344333686 0.993545055 -0.10808558 0.108395614 -0.301658094 0.113437861 0.946643651 0.0528649129 0 0 0 1
0.950218678 9.02902957e-06 0.311583728 -0.312124968 0.0427496918 0.990539432 -0.130399942 0.130721062 -0.308637112 0.137228578 0.941228628 0.0582919419 0 0 0 1
0.948900461 9.16693352e-06 0.31557554 -0.316118956 0.0509327613 0.98688519 -0.153177768 0.153510153 -0.311438233 0.161423594 0.93645525 0.0630755574 0 0 0 1
0.949017048 9.15319833e-06 0.315224797 -0.315768003 0.0584909283 0.982629061 -0.176121563 0.176465377 -0.309750676 0.185580164 0.932531238 0.0670077354 0 0 0 1
0.950619161 8.98513372e-06 0.310360044 -0.310900629 0.0649279132 0.97786665 -0.198899642 0.199255049 -0.303492546 0.209228799 0.929578125 0.0699665099 0 0 0 1
0.953510225 8.67742619e-06 0.301360667 -0.301896274 0.0698540211 0.972758174 -0.221047342 0.221414402 -0.293152988 0.231822148 0.927534282 0.0720137879 0 0 0 1
0.95742327 8.2591705e-06 0.288688153 -0.289216787 0.0729762018 0.967515469 -0.242050424 0.242428929 -0.279312283 0.252812028 0.926321089 0.0732282326 0 0 0 1
0.962070584 7.72339263e-06 0.272800446 -0.273320168 0.0741030872 0.962392032 -0.261362642 0.261752218 -0.262542963 0.271664679 0.925888479 0.0736599565 0 0 0 1
0.96716243 7.11152961e-06 0.254159242 -0.254668415 0.0731556714 0.957672596 -0.278408945 0.278808951 -0.243403316 0.287859857 0.926224411 0.0733211711 0 0 0 1
0.972420454 6.4049018e-06 0.233235076 -0.233732283 0.0701716542 0.953659654 -0.292590827 0.293000251 -0.222428739 0.300887793 0.927357614 0.0721830949 0 0 0 1
0.977591515 5.63031881e-06 0.210510641 -0.210994646 0.0653043091 0.950657129 -0.303292453 0.303709984 -0.200125173 0.310243458 0.929354072 0.0701798052 0 0 0 1
0.982458293 4.82625319e-06 0.186482474 -0.186952323 0.0588157959 0.948952138 -0.309887767 0.310311496 -0.176964462 0.315419972 0.932305634 0.067219384 0 0 0 1
0.986846268 4.00012823e-06 0.161661729 -0.162116662 0.051079765 0.948762476 -0.311834276 0.312261939 -0.153379828 0.31599012 0.936282516 0.0632317364 0 0 0 1
0.990629196 3.14870249e-06 0.136579156 -0.137018844 0.0426249132 0.950045586 -0.309186786 0.309616059 -0.129757404 0.312111169 0.941142678 0.0583590269 0 0 0 1
0.993733287 2.32398429e-06 0.11177817 -0.112202533 0.0339971036 0.952618599 -0.30226174 0.302690089 -0.106482662 0.304167658 0.946648598 0.052839268 0 0 0 1
0.9961375 1.52095265e-06 0.0878079683 -0.0882173106 0.0256851874 0.956255794 -0.291402221 0.291827261 -0.0839673057 0.292532027 0.952562034 0.0469110161 0 0 0 1
0.997870862 7.70551196e-07 0.0652202442 -0.0656152442 0.018102495 0.960705161 -0.276979834 0.277399093 -0.0626576394 0.277570754 0.958659708 0.040798109 0 0 0 1
0.99900645 8.32949496e-08 0.0445659384 -0.0449476801 0.0115715032 0.965702593 -0.259392828 0.25980401 -0.043037463 0.259650826 0.964743078 0.0346992724 0 0 0 1
0.99965173 -5.24312952e-07 0.0263928548 -0.0267628003 0.00631221244 0.970983982 -0.239061102 0.239462033 -0.0256269146 0.23914443 0.970645785 0.028781293 0 0 0 1
0.999936879 -1.02813817e-06 0.0112443008 -0.011604324 0.00243464671 0.976297319 -0.216419771 0.216808423 -0.0109775588 0.216433465 0.976235628 0.0231768563 0 0 0 1
1 -1.41422834e-06 -0.000366444641 1.40821267e-05 -6.89369263e-05 0.981412232 -0.19191131 0.19228594 0.000359904661 0.191911325 0.981412172 0.0179867186 0 0 0 1
0.999964356 -1.68278609e-06 -0.00844328478 0.00809627958 -0.00139979296 0.98612839 -0.165978357 0.166337475 0.00832644105 0.165984273 0.986093163 0.0132931862 0 0 0 1
0.999909282 -1.849976e-06 -0.0134696858 0.013126025 -0.00187141041 0.990282416 -0.139058366 0.13940087 0.0133390501 0.139070958 0.990192533 0.00918262545 0 0 0 1
0.999872804 -1.93192614e-06 -0.0159478616 0.0156058539 -0.00177787372 0.993753135 -0.111586601 0.111911766 0.0158484541 0.111600757 0.993626714 0.00573832449 0 0 0 1
0.99986589 -1.94660674e-06 -0.0163799413 0.0160382204 -0.00137416634 0.996464789 -0.0840004161 0.0843078643 0.0163221974 0.0840116516 0.996331155 0.00302507961 0 0 0 1
0.999883473 -1.90970195e-06 -0.015267875 0.0149254119 -0.000864498608 0.998388588 -0.0567403436 0.0570300557 0.0152433803 0.0567469262 0.9982723 0.00107614358 0 0 0 1
0.99991399 -1.83801023e-06 -0.0131135015 0.0127696032 -0.000394873612 0.999542296 -0.0302494988 0.0305218119 0.013107555 0.0302520748 0.999456346 -0.000114642935 0 0 0 1
0.999945819 -1.74846264e-06 -0.010418687 0.010072995 -5.0049639e-05 0.999987662 -0.00497139106 0.00522696832 0.0104185678 0.00497164251 0.999933481 -0.000597485225 0 0 0 1
0.999970496 -1.65757342e-06 -0.00768438494 0.00733687496 0.000145010607 0.999825954 0.0186545905 -0.0184147581 0.00768301636 -0.0186551549 0.99979645 -0.000465452962 0 0 0 1
0.999986172 -1.57684838e-06 -0.0052569909 0.00490786973 0.000214278567 0.999181151 0.0404604152 -0.040235199 0.00525262253 -0.0404609852 0.999167323 0.000159464646 0 0 0 1
0.999995053 -1.50711082e-06 -0.00315864105 0.00280812779 0.000193681917 0.998147368 0.0608415641 -0.0606300905 0.00315269758 -0.0608418696 0.998142481 0.00118059583 0 0 0 1
0.999999046 -1.44764556e-06 -0.00137062848 0.00101893104 0.000111458197 0.996773481 0.0802661777 -0.0800678656 0.00136609003 -0.0802662522 0.996772468 0.00254715467 0 0 0 1
1 -1.39787164e-06 0.000125759005 -0.000478447182 -1.1084614e-05 0.995067298 0.0992023647 -0.0990169719 -0.000125277351 -0.0992023647 0.995067358 0.00424928404 0 0 0 1
0.999999106 -1.35722757e-06 0.00134924159 -0.00170273893 -0.000158020004 0.992999673 0.118116386 -0.117943972 -0.00133995677 -0.118116498 0.992998838 0.00631476194 0 0 0 1
0.999997377 -1.32501486e-06 0.00231854082 -0.00267267926 -0.000317420636 0.990505755 0.13747102 -0.13731198 -0.00229671015 -0.137471408 0.990503192 0.00880758557 0 0 0 1
0.999995351 -1.30053024e-06 0.0030523804 -0.00340700336 -0.000480149843 0.987483144 0.157723427 -0.157578513 -0.00301437941 -0.157724157 0.987478614 0.0118292598 0 0 0 1
0.999993682 -1.28340037e-06 0.00356948585 -0.00392445037 -0.000638832222 0.9837901 0.179322943 -0.179193169 -0.00351185515 -0.179324105 0.983783901 0.0155212218 0 0 0 1
0.99999249 -1.27278429e-06 0.00388858025 -0.00424375525 -0.000786239514 0.979279637 0.202510938 -0.202397615 -0.00380826485 -0.202512473 0.979272306 0.0200299937 0 0 0 1
0.999991894 -1.26798568e-06 0.00402838644 -0.00438365433 -0.000911252922 0.974007785 0.2265127 -0.226416558 -0.00392396655 -0.226514533 0.973999858 0.025299836 0 0 0 1
0.999991953 -1.26875671e-06 0.00400763098 -0.00436288491 -0.00100166665 0.968182087 0.250244409 -0.250165373 -0.00388043397 -0.250246376 0.968174458 0.0311231874 0 0 0 1
0.999992609 -1.27405917e-06 0.0038450344 -0.00420018146 -0.00104711647 0.962113798 0.272646338 -0.272583634 -0.00369970803 -0.272648335 0.962106645 0.037189234 0 0 0 1
0.999993622 -1.28376701e-06 0.00355932163 -0.0039142794 -0.00104054774 0.956207693 0.292687416 -0.292639464 -0.00340382638 -0.292689264 0.956201553 0.0430930853 0 0 0 1
0.999994934 -1.29668479e-06 0.00316921552 -0.00352391554 -0.000979212811 0.950943172 0.309363931 -0.309328407 -0.00301414495 -0.309365481 0.950938404 0.0483553521 0 0 0 1
0.999996424 -1.31239415e-06 0.00269343844 -0.00304782437 -0.000865221024 0.946843624 0.321693122 -0.321666807 -0.00255068718 -0.321694314 0.946840167 0.0524530634 0 0 0 1
0.999997735 -1.33057529e-06 0.00215071347 -0.00250474061 -0.000705682789 0.944434404 0.328699172 -0.328678161 -0.00203164527 -0.328699917 0.944432259 0.0548606031 0 0 0 1
0.999998748 -1.35017422e-06 0.00155976391 -0.00191340048 -0.000512607628 0.944168925 0.329461306 -0.329440951 -0.00147312542 -0.329461724 0.944167793 0.0551248677 0 0 0 1
0.999999583 -1.37079064e-06 0.000939314195 -0.00129254058 -0.000303040375 0.94605726 0.323999256 -0.323974848 -0.000889089191 -0.323999405 0.946056902 0.0532356836 0 0 0 1
1 -1.39179713e-06 0.000308087212 -0.000660896068 -9.5116804e-05 0.949745238 0.313023835 -0.312991351 -0.000293040066 -0.313023835 0.949745178 0.0495474525 0 0 0 1
1 -1.41253531e-06 -0.000315193087 -3.72033319e-05 9.50374306e-05 0.954801977 0.297242343 -0.297198147 0.000300527172 -0.297242343 0.954802036 0.0444911011 0 0 0 1
0.999999642 -1.43235604e-06 -0.000911803101 0.000559801585 0.000254272338 0.960766613 0.277358204 -0.277299434 0.000875632686 -0.277358323 0.960766256 0.0385277495 0 0 0 1
0.999998927 -1.45075353e-06 -0.00146301906 0.0011113825 0.00037313439 0.967181921 0.254084826 -0.254009098 0.00141463673 -0.254085064 0.967180848 0.0321145654 0 0 0 1
0.999998093 -1.46691571e-06 -0.00195011741 0.00159880356 0.000446359772 0.973624468 0.228155851 -0.228061348 0.0018983474 -0.228156269 0.97362262 0.0256748833 0 0 0 1
0.999997318 -1.48028232e-06 -0.00235437532 0.00200332887 0.000473103137 0.979728401 0.200329766 -0.200215325 0.00230635214 -0.200330347 0.979725778 0.0195746291 0 0 0 1
0.999996543 -1.49043387e-06 -0.00265706889 0.00230622338 0.000456866837 0.985203028 0.171390697 -0.171255708 0.00261749676 -0.171391279 0.985199571 0.014104384 0 0 0 1
0.999996006 -1.4964877e-06 -0.00283947471 0.00248875003 0.000405101571 0.989845634 0.142145544 -0.141990021 0.00281042885 -0.142146111 0.98984164 0.00946653169 0 0 0 1
0.999995887 -1.49789821e-06 -0.00288287038 0.00253217435 0.000328459981 0.993547261 0.113418326 -0.11324285 0.00286409818 -0.11341881 0.993543148 0.00576980971 0 0 0 1
0.999996126 -1.49413052e-06 -0.00276853167 0.00241775997 0.000239702393 0.996291399 0.0860430375 -0.0858487338 0.00275813579 -0.0860433728 0.996287584 0.0030304864 0 0 0 1
0.99999696 -1.48445474e-06 -0.00247773598 0.00212677149 0.00015226884 0.998146474 0.0608566403 -0.0606451593 0.00247305306 -0.0608568266 0.998143435 0.00117987313 0 0 0 1
0.999998033 -1.46829711e-06 -0.00199175882 0.00164047268 7.85345983e-05 0.999251068 0.038693063 -0.0384666137 0.00199021026 -0.0386931412 0.999249041 7.92171413e-05 0 0 0 1
0.999999166 -1.44501848e-06 -0.00129187678 0.000940126833 2.77722011e-05 0.999792397 0.0203792397 -0.0201405138 0.00129157898 -0.0203792583 0.999791563 -0.000458688708 0 0 0 1
1 -1.41400506e-06 -0.00035936528 6.99810016e-06 3.83383122e-06 0.999977291 0.00673370017 -0.0064858892 0.000359347614 -0.0067337011 0.999977231 -0.0006407568 0 0 0 1
0.999999702 -1.37463428e-06 0.000824498187 -0.00117764866 2.55549298e-06 0.999999046 -0.00143221626 0.00168543635 -0.000824495335 0.00143221789 0.999998569 -0.000659652578 0 0 0 1
